Contact Angle  Base Radius
#File:  11 1000
138.523117715  1.3049650304
129.266825057  1.58053966309
127.431909776  1.6245185042
127.175296639  1.63257735481
130.020204193  1.55837839315
124.72323136  1.69942043248
121.971541046  1.76683555157
123.683109965  1.72537942972
124.604563552  1.69752230851
124.443677691  1.70540879286
123.807475311  1.71601077643
125.132308678  1.68456291969
123.538921568  1.72936096986
122.251475095  1.75784539009
124.640603536  1.69607790079
121.82421285  1.76720527664
124.303752036  1.7064374409
127.756689913  1.61513857281
128.08608247  1.60941958741
128.705083906  1.59020844228
125.948364892  1.65900360574
126.623591547  1.646185215
126.734017601  1.64767690035
130.30981313  1.54836250472
129.368973849  1.57145659398
125.475223405  1.67713769398
128.128417672  1.60354452667
128.172419799  1.60586490132
127.691498905  1.62001251129
127.638066994  1.61921354267
129.764129826  1.56441958462
130.493268446  1.54231114791
126.827836419  1.64048889643
127.530559219  1.62060075808
126.988049113  1.63077006755
126.916652681  1.63725202691
125.789633628  1.66325165029
126.825913578  1.6361544097
128.848150976  1.58249947155
126.53469308  1.64599671273
126.947488234  1.63925354366
129.218063461  1.57581585957
130.505374911  1.54041621629
129.699742918  1.55625039439
125.394666655  1.6756434122
122.643530439  1.74512273057
124.553684268  1.6995952697
121.603476992  1.77423775755
123.582073695  1.71947397817
122.739048236  1.7398176667
120.487523803  1.80409487636
122.785267931  1.74061007113
119.792023  1.82001718285
123.800721054  1.7150171674
123.841498502  1.71840296237
119.681073653  1.81471523071
118.557115417  1.84949473543
121.010828563  1.78775666939
123.601159811  1.71654698141
124.321717654  1.69893374367
118.90904063  1.83690222231
117.079661563  1.88465513077
116.46779855  1.8963993215
117.039505152  1.88703345935
114.895039289  1.93071305893
116.409665116  1.90093117767
117.873316301  1.86674301199
116.851437521  1.88962395974
118.070528859  1.85775272245
121.260571431  1.77563193639
117.673391881  1.86757879905
117.716090103  1.86172857819
116.941731782  1.88308720696
118.121716181  1.85762229668
117.185699385  1.87408825286
116.745038068  1.89289801546
116.447429533  1.89799386778
118.907435002  1.83334061989
118.437740956  1.84756009011
118.644672227  1.84548251878
nan  nan
nan  nan
nan  nan
nan  nan
nan  nan
nan  nan
nan  nan
nan  nan
nan  nan
nan  nan
nan  nan
nan  nan
nan  nan
nan  nan
nan  nan
nan  nan
nan  nan
nan  nan
nan  nan
nan  nan
nan  nan
nan  nan
nan  nan
nan  nan
nan  nan
nan  nan
nan  nan
nan  nan
nan  nan
nan  nan
nan  nan
nan  nan
nan  nan
nan  nan
nan  nan
nan  nan
nan  nan
nan  nan
nan  nan
nan  nan
nan  nan
nan  nan
nan  nan
nan  nan
nan  nan
nan  nan
nan  nan
nan  nan
nan  nan
nan  nan
nan  nan
nan  nan
nan  nan
nan  nan
nan  nan
nan  nan
nan  nan
nan  nan
nan  nan
nan  nan
nan  nan
nan  nan
nan  nan
nan  nan
nan  nan
nan  nan
nan  nan
nan  nan
nan  nan
nan  nan
nan  nan
nan  nan
nan  nan
nan  nan
nan  nan
nan  nan
nan  nan
nan  nan
nan  nan
nan  nan
#File:  11 2000
nan  nan
135.375629644  1.70822421549
136.868987366  1.67234692937
123.494125922  2.152960505
119.336400208  2.28142849394
nan  nan
nan  nan
nan  nan
nan  nan
nan  nan
nan  nan
nan  nan
nan  nan
nan  nan
nan  nan
nan  nan
nan  nan
nan  nan
nan  nan
nan  nan
nan  nan
nan  nan
nan  nan
nan  nan
nan  nan
nan  nan
nan  nan
nan  nan
nan  nan
nan  nan
nan  nan
nan  nan
nan  nan
nan  nan
nan  nan
nan  nan
nan  nan
nan  nan
nan  nan
nan  nan
nan  nan
nan  nan
nan  nan
nan  nan
nan  nan
nan  nan
nan  nan
nan  nan
nan  nan
nan  nan
nan  nan
nan  nan
nan  nan
nan  nan
nan  nan
nan  nan
nan  nan
nan  nan
nan  nan
nan  nan
nan  nan
nan  nan
nan  nan
nan  nan
nan  nan
nan  nan
nan  nan
nan  nan
nan  nan
nan  nan
nan  nan
nan  nan
nan  nan
nan  nan
nan  nan
nan  nan
nan  nan
nan  nan
nan  nan
nan  nan
nan  nan
nan  nan
nan  nan
nan  nan
nan  nan
nan  nan
nan  nan
nan  nan
nan  nan
nan  nan
nan  nan
nan  nan
nan  nan
nan  nan
nan  nan
nan  nan
nan  nan
nan  nan
nan  nan
nan  nan
nan  nan
nan  nan
nan  nan
nan  nan
nan  nan
nan  nan
nan  nan
nan  nan
nan  nan
nan  nan
nan  nan
nan  nan
nan  nan
nan  nan
nan  nan
nan  nan
nan  nan
nan  nan
nan  nan
nan  nan
nan  nan
nan  nan
nan  nan
nan  nan
nan  nan
nan  nan
nan  nan
nan  nan
nan  nan
nan  nan
nan  nan
nan  nan
nan  nan
nan  nan
nan  nan
nan  nan
nan  nan
nan  nan
nan  nan
nan  nan
nan  nan
nan  nan
nan  nan
nan  nan
nan  nan
nan  nan
nan  nan
nan  nan
nan  nan
nan  nan
nan  nan
nan  nan
nan  nan
nan  nan
nan  nan
nan  nan
nan  nan
nan  nan
nan  nan
nan  nan
#File:  11 3000
nan  nan
158.31459035  1.00968937707
152.393909407  1.26348274192
135.755698248  1.96092468176
132.130483307  2.11228307682
127.11031385  2.30213508457
124.48666754  2.40167486755
122.045482027  2.49271342574
121.570814767  2.51264487565
120.671907721  2.54032990369
121.046807022  2.52684022563
121.162979068  2.52516964972
120.013427105  2.56325369728
120.502272925  2.54786586472
120.289661008  2.5564585943
121.294323905  2.51956320523
120.660519127  2.542085835
119.740837635  2.57854457904
119.434769053  2.58579120867
120.095909363  2.56203880837
121.186842991  2.51977508045
121.828424442  2.50235863738
120.234678055  2.55574137544
120.154193434  2.56201209328
120.019780053  2.56711474345
119.436156253  2.58778338113
119.663177463  2.57676336895
120.07249051  2.56412296281
119.281822153  2.58805535881
118.557863555  2.61732201279
120.222776041  2.55717332607
119.94413415  2.56886075475
119.457742348  2.58473422592
120.042873969  2.56319548354
120.708441346  2.54132942014
119.95417453  2.56385463535
119.50510652  2.58839738363
118.914726448  2.60451878202
119.83336538  2.56861667843
120.819225328  2.53341507089
119.687638682  2.5779626792
119.334603199  2.59088579593
119.856205506  2.57179564615
118.970956497  2.60411439505
119.134223007  2.59519927094
119.241384819  2.59246534586
119.278291732  2.59907564493
119.86799589  2.5712032889
119.815492087  2.57464812267
120.405021936  2.55194164569
120.492172433  2.55419562718
120.929259632  2.53162268589
122.002259234  2.4932851662
122.130445744  2.48861614251
121.11666596  2.52563606338
120.328736465  2.55363017803
120.41202736  2.55002040618
120.700098389  2.53932413957
121.431708229  2.51749631617
122.01961696  2.4945248931
122.124964225  2.4901497342
121.649263964  2.5036491389
121.777567499  2.49900230231
121.999885172  2.49395564695
122.349032522  2.47902750945
120.324432828  2.55284145568
120.922640199  2.53060528062
121.482203701  2.51270278513
120.760243456  2.54118685533
119.989655193  2.56750460078
120.57345343  2.54456201257
119.964793284  2.56884661135
118.745158834  2.60831623032
119.026056208  2.60426235347
120.207038932  2.55675141065
119.353763777  2.5897244574
119.744405862  2.57556265644
120.232581988  2.55806482692
121.138283417  2.52501404306
120.873325225  2.53291384794
nan  nan
nan  nan
nan  nan
nan  nan
nan  nan
nan  nan
nan  nan
nan  nan
nan  nan
nan  nan
nan  nan
nan  nan
nan  nan
nan  nan
nan  nan
nan  nan
nan  nan
nan  nan
nan  nan
nan  nan
nan  nan
nan  nan
nan  nan
nan  nan
nan  nan
nan  nan
nan  nan
nan  nan
nan  nan
nan  nan
nan  nan
nan  nan
nan  nan
nan  nan
nan  nan
nan  nan
nan  nan
nan  nan
nan  nan
nan  nan
nan  nan
nan  nan
nan  nan
nan  nan
nan  nan
nan  nan
nan  nan
nan  nan
nan  nan
nan  nan
nan  nan
nan  nan
nan  nan
nan  nan
nan  nan
nan  nan
nan  nan
nan  nan
nan  nan
nan  nan
nan  nan
nan  nan
nan  nan
nan  nan
nan  nan
nan  nan
nan  nan
nan  nan
nan  nan
nan  nan
nan  nan
nan  nan
nan  nan
nan  nan
nan  nan
nan  nan
nan  nan
nan  nan
nan  nan
nan  nan
#File:  11 4000
nan  nan
nan  nan
nan  nan
163.498674684  0.832474218754
151.57037699  1.41508685526
143.273441696  1.80771931414
130.647187067  2.39230973813
129.092805663  2.46622648652
126.64520878  2.56424504872
125.535614437  2.60918736488
124.453731912  2.65047571982
123.209312965  2.69996122386
122.215006769  2.7415526703
121.442471585  2.7751443032
121.04107075  2.78957387359
121.041540629  2.79144476791
120.459814554  2.81299220294
121.181300903  2.78566172642
121.378622885  2.77457129912
120.496434385  2.80987942963
120.227391496  2.82506824657
119.654868738  2.8449963743
119.721704688  2.83882413653
120.318306529  2.81971085927
120.457753588  2.81487624245
120.069707466  2.8259375118
119.963598664  2.83209382535
119.865899391  2.83241057552
120.192096095  2.82424082472
119.629041549  2.84512985807
120.025749504  2.83136754935
120.050990265  2.82602769776
119.933964209  2.83609890011
119.676372014  2.84772806626
119.492261334  2.84973755316
119.675847014  2.83888250907
119.767856026  2.83605017282
119.603508697  2.84583158922
120.311812436  2.81852746668
120.62364192  2.81039273316
120.207851915  2.82250669542
120.024094829  2.83180625758
119.477630165  2.85242106726
119.579016422  2.84866210824
119.541519907  2.84972000222
120.019354004  2.83078877205
119.769321096  2.83840565357
119.045133688  2.87245698839
119.186990649  2.86416956081
119.319369691  2.86066527041
119.139468115  2.86002299816
119.620168295  2.84616552814
119.586094065  2.84695775689
119.530742544  2.84830929616
119.335604084  2.85528246179
119.634493079  2.8429708531
119.691623554  2.84142556714
119.576473944  2.85047544303
119.110931503  2.86773124509
119.419056362  2.85515853114
119.453922237  2.84926532484
119.49905047  2.84755902983
119.621492442  2.84500856176
119.558026096  2.8468956321
119.67258715  2.84306036968
119.823975174  2.84091336787
119.838219893  2.83530414499
119.199323119  2.86120989764
119.155587842  2.86238480363
119.423293677  2.85421994178
119.946411634  2.83353828746
120.165107076  2.8241812311
120.322321632  2.81877906431
120.265281143  2.82004065521
120.078936641  2.83060415878
119.55200819  2.84937675452
119.234967415  2.85740998016
119.949179172  2.82890599457
119.722731883  2.84048572848
120.031986183  2.83128616182
nan  nan
nan  nan
nan  nan
nan  nan
nan  nan
nan  nan
nan  nan
nan  nan
nan  nan
nan  nan
nan  nan
nan  nan
nan  nan
nan  nan
nan  nan
nan  nan
nan  nan
nan  nan
nan  nan
nan  nan
nan  nan
nan  nan
nan  nan
nan  nan
nan  nan
nan  nan
nan  nan
nan  nan
nan  nan
nan  nan
nan  nan
nan  nan
nan  nan
nan  nan
nan  nan
nan  nan
nan  nan
nan  nan
nan  nan
nan  nan
nan  nan
nan  nan
nan  nan
nan  nan
nan  nan
nan  nan
nan  nan
nan  nan
nan  nan
nan  nan
nan  nan
nan  nan
nan  nan
nan  nan
nan  nan
nan  nan
nan  nan
nan  nan
nan  nan
nan  nan
nan  nan
nan  nan
nan  nan
nan  nan
nan  nan
nan  nan
nan  nan
nan  nan
nan  nan
nan  nan
nan  nan
nan  nan
nan  nan
nan  nan
nan  nan
nan  nan
nan  nan
nan  nan
nan  nan
nan  nan
#File:  11 5000
nan  nan
nan  nan
163.977119016  0.872589783484
161.55292356  0.993326869249
151.184458463  1.54656545016
142.561639345  1.98606747508
140.023080247  2.10839841303
131.233116891  2.54950887264
129.714807288  2.61847011625
127.37778449  2.71139272198
127.029233282  2.73559259859
126.366773053  2.76872306111
125.680700801  2.79839122734
124.968632666  2.83141898299
123.209530861  2.89271101263
123.521956916  2.88993526118
124.1092534  2.86856320662
124.270895804  2.86192572823
123.263674974  2.89989524104
123.590442441  2.89201724113
123.816847076  2.88006395026
123.638389251  2.88627011155
123.717914389  2.8841690038
123.813370281  2.87956506363
123.706097982  2.88317065371
123.684084738  2.88541282448
123.368224631  2.89871736088
123.433978653  2.89652590896
123.010610685  2.91273329752
123.400185558  2.896685857
123.765717767  2.87891666416
123.693124327  2.88488904497
123.621299317  2.88841162106
123.851201056  2.87685469783
123.728098214  2.88112263505
123.709301951  2.88432482964
123.820987687  2.87896553132
124.623906193  2.84371106826
124.155099198  2.86307109828
123.971621789  2.87124169377
124.213657419  2.86146105935
123.98988542  2.86959152089
124.260543323  2.86083288106
123.850458118  2.87563252307
123.305512377  2.89828986275
123.627710621  2.88996287274
123.801066153  2.87801664154
123.582577637  2.88412455769
123.718762923  2.8818050698
123.724822605  2.880231372
123.739546644  2.8855998699
123.882166833  2.87775920069
123.70809611  2.8826304166
123.891235291  2.8760550142
123.789190083  2.88341490309
123.352741619  2.89880903526
123.238533136  2.90395188601
123.403195177  2.89899738734
123.345155954  2.89789006056
123.7062949  2.88387031431
124.230210032  2.85927191952
124.067444259  2.86337160302
124.1931083  2.86191028529
124.349857327  2.85530040858
124.05311955  2.86795524184
124.065563684  2.87117703935
123.947661198  2.87330760655
123.928934548  2.87191750495
123.750809392  2.88423080829
123.510489674  2.89120027341
123.759007985  2.88051905066
123.162228858  2.90535566292
123.088598581  2.90972394183
123.595152671  2.89078528262
123.712750095  2.88403713364
123.32959461  2.89662975611
123.657082654  2.8858552767
123.553108675  2.88982904694
123.378768455  2.89717234133
123.591863774  2.88941258487
nan  nan
nan  nan
nan  nan
nan  nan
nan  nan
nan  nan
nan  nan
nan  nan
nan  nan
nan  nan
nan  nan
nan  nan
nan  nan
nan  nan
nan  nan
nan  nan
nan  nan
nan  nan
nan  nan
nan  nan
nan  nan
nan  nan
nan  nan
nan  nan
nan  nan
nan  nan
nan  nan
nan  nan
nan  nan
nan  nan
nan  nan
nan  nan
nan  nan
nan  nan
nan  nan
nan  nan
nan  nan
nan  nan
nan  nan
nan  nan
nan  nan
nan  nan
nan  nan
nan  nan
nan  nan
nan  nan
nan  nan
nan  nan
nan  nan
nan  nan
nan  nan
nan  nan
nan  nan
nan  nan
nan  nan
nan  nan
nan  nan
nan  nan
nan  nan
nan  nan
nan  nan
nan  nan
nan  nan
nan  nan
nan  nan
nan  nan
nan  nan
nan  nan
nan  nan
nan  nan
nan  nan
nan  nan
nan  nan
nan  nan
nan  nan
nan  nan
nan  nan
nan  nan
nan  nan
nan  nan
#File:  11 6500
nan  nan
165.998069589  0.848010964371
164.487668254  0.93568547208
158.273658317  1.29968881392
163.875927479  0.961404345062
151.151945037  1.71176897776
149.831623557  1.77981737433
147.940316847  1.88826044243
147.921756686  1.87884498202
144.833976357  2.050813806
138.332206284  2.41899977208
139.291934771  2.34722426489
139.717703094  2.32281182577
138.110881072  2.40316985604
137.989767577  2.39561451379
128.687472503  2.9093971723
126.898078775  2.98887683131
127.298052587  2.98249380304
126.374966237  3.02338781699
124.361478307  3.10545799559
124.796742844  3.10126605507
124.188765363  3.1295151816
124.004285676  3.14413381321
122.815049598  3.19388652224
122.67075364  3.20251348095
122.058082461  3.22624581762
121.385017092  3.25852677925
121.283101064  3.26897846012
121.388448545  3.26268547715
121.251608777  3.26844361303
121.38360651  3.26196210263
120.28502131  3.30530463288
120.310278269  3.309736815
120.360772841  3.31198447218
120.249486247  3.31535401218
120.246757263  3.31766758465
120.320305198  3.31416924522
119.691351641  3.34110640267
118.955915919  3.37450544366
118.730176265  3.38176596386
118.3443931  3.40369907326
118.407156216  3.39824461425
118.348291602  3.40288865892
117.869654485  3.42465251673
117.352914858  3.43690061309
118.118335892  3.41491917697
117.617169583  3.43227782197
117.934050777  3.42192164133
117.556583154  3.43728388758
117.322172965  3.44556839314
116.977580546  3.46160951741
117.565864406  3.43407595653
118.02921969  3.42055519902
117.911718962  3.42263246185
117.730904252  3.42910469521
118.084597969  3.41330932853
118.712926157  3.38964250165
118.618481871  3.3913094677
118.365979913  3.40037239741
118.475080794  3.39910474954
118.266268594  3.40767054973
117.66774745  3.42812993647
117.744319046  3.4283353593
117.494906833  3.43967587759
117.479052653  3.44204526267
117.584137031  3.4357923299
117.979626258  3.42040658327
118.158808747  3.41211477055
118.395171633  3.39773529171
119.174610329  3.37626008474
118.89349949  3.37752829048
118.73202192  3.3836679045
118.624461514  3.38797022173
118.834150735  3.37774202581
119.180063902  3.36447704869
118.658524336  3.38662400667
118.444481666  3.39639263401
117.991210418  3.40929856825
118.355511042  3.39919990998
118.003059209  3.41599749734
nan  nan
nan  nan
nan  nan
nan  nan
nan  nan
nan  nan
nan  nan
nan  nan
nan  nan
nan  nan
nan  nan
nan  nan
nan  nan
nan  nan
nan  nan
nan  nan
nan  nan
nan  nan
nan  nan
nan  nan
nan  nan
nan  nan
nan  nan
nan  nan
nan  nan
nan  nan
nan  nan
nan  nan
nan  nan
nan  nan
nan  nan
nan  nan
nan  nan
nan  nan
nan  nan
nan  nan
nan  nan
nan  nan
nan  nan
nan  nan
nan  nan
nan  nan
nan  nan
nan  nan
nan  nan
nan  nan
nan  nan
nan  nan
nan  nan
nan  nan
nan  nan
nan  nan
nan  nan
nan  nan
nan  nan
nan  nan
nan  nan
nan  nan
nan  nan
nan  nan
nan  nan
nan  nan
nan  nan
nan  nan
nan  nan
nan  nan
nan  nan
nan  nan
nan  nan
nan  nan
nan  nan
nan  nan
nan  nan
nan  nan
nan  nan
nan  nan
nan  nan
nan  nan
nan  nan
nan  nan
#File:  11 7000
nan  nan
nan  nan
nan  nan
nan  nan
171.797606114  0.498877568858
169.793761833  0.617933530977
162.270061599  1.06859056057
151.317135953  1.72502115099
145.865285732  2.04724708732
143.378691206  2.19086695427
143.53459151  2.1729415296
141.176669297  2.30876023368
137.448473807  2.52306394792
133.117733808  2.74372186204
133.430806787  2.74154782027
132.77975594  2.77752727952
132.605305348  2.78541882109
131.20914446  2.84795835888
131.50949578  2.84218652815
131.381037653  2.84674221255
129.024192715  2.94405158792
130.077580377  2.91016033095
129.254267596  2.94890300405
129.016422288  2.96249407871
129.149873835  2.9597506744
128.761769025  2.97308122466
129.060609748  2.96236889364
128.350900523  2.99580621016
128.315036939  2.99878236338
127.855870942  3.02451422777
127.763276146  3.02821565516
127.875262956  3.02359183903
127.991635803  3.01796952055
128.276486244  3.00302020979
128.247059884  3.00202074137
128.302552104  3.00225920657
127.99362929  3.01315875429
127.935054986  3.01557053712
127.988015402  3.01352131728
127.550187906  3.0360465724
127.35039991  3.04905252614
127.05701566  3.06098398742
127.115827154  3.06034659275
127.400049743  3.03973850909
126.807551996  3.06962397639
126.484810256  3.09021860248
126.269213325  3.09958751045
125.702104956  3.12589072666
125.483159225  3.13503283224
125.579342699  3.1364010464
125.28636208  3.14656352299
124.019052021  3.1971526369
124.101641782  3.19827832671
124.476930918  3.18771247624
124.341533682  3.19259765079
124.285217749  3.19386463437
124.105428804  3.20707133856
124.24648452  3.19716049761
124.278379594  3.19387623551
123.807296095  3.21728778737
123.749151295  3.2219248359
123.882995876  3.21362385876
123.566543412  3.22840775697
123.068154533  3.24722039396
123.303415149  3.24330174197
122.993592243  3.25422872809
123.105424665  3.25156097316
123.172341007  3.24565933375
123.243171422  3.24890486219
122.972914433  3.25737825759
122.476620921  3.28300213852
122.785527716  3.27224978115
123.134813714  3.25109755192
123.055830138  3.25302890225
123.223056624  3.24319492111
122.887765232  3.2592999101
122.771283376  3.26670110382
122.933769106  3.26148760594
122.241146081  3.28662434066
122.472980073  3.28065100714
121.305044196  3.32299164038
121.976842851  3.30870586229
122.1814837  3.29715535449
121.935269184  3.3094974654
122.25135245  3.29643478875
122.192726659  3.29786268307
121.730897694  3.3153831448
121.720471483  3.323740817
122.353993461  3.28541932682
122.054382952  3.30331494504
122.205911576  3.29323350953
121.976021045  3.30429628451
122.408361909  3.28905719158
122.57204671  3.27974149066
122.008776999  3.30034481129
122.264065701  3.29061596608
122.006674975  3.30592191174
121.906780467  3.30617819875
121.784909533  3.31274568846
121.665378445  3.31946783109
121.986470869  3.30665960131
121.739786785  3.31768659857
121.814042223  3.31434042877
121.880838875  3.3090974349
121.961653715  3.30474216964
121.968802808  3.30497091957
122.1480031  3.29695760431
122.437322313  3.28055617084
122.773723472  3.26913714448
122.464188801  3.28343101578
122.805545241  3.26588425958
122.636830579  3.27531232942
122.531041481  3.27855228518
122.284494436  3.28942546255
122.378750843  3.28566410911
122.293507281  3.28906402663
122.275733485  3.29109048602
122.41744636  3.2841679557
122.323630967  3.29028370483
121.977579986  3.30325428266
nan  nan
nan  nan
nan  nan
nan  nan
nan  nan
nan  nan
nan  nan
nan  nan
nan  nan
nan  nan
nan  nan
nan  nan
nan  nan
nan  nan
nan  nan
nan  nan
nan  nan
nan  nan
nan  nan
nan  nan
nan  nan
nan  nan
nan  nan
nan  nan
nan  nan
nan  nan
nan  nan
nan  nan
nan  nan
nan  nan
nan  nan
nan  nan
nan  nan
nan  nan
nan  nan
nan  nan
nan  nan
nan  nan
nan  nan
nan  nan
#File:  11 8000
nan  nan
nan  nan
nan  nan
175.85795896  0.265991583946
163.450512202  1.05359130448
158.745389516  1.35075707387
159.117891294  1.32494568078
153.141002929  1.70023906471
150.159958374  1.88280708347
146.145525938  2.12752392713
148.219971945  1.99673415574
148.665053713  1.95809491202
140.578284507  2.45936602416
140.371968496  2.46723261404
139.37313915  2.52907608707
138.97327337  2.54669243898
135.487180453  2.75630799391
137.942711105  2.60259718567
139.436146524  2.50342796119
133.886294333  2.84371233599
133.174610786  2.87912657643
133.209908401  2.87879005924
139.038961366  2.50933181674
131.266889945  2.97412874898
130.092419789  3.03256218794
129.316802801  3.07071339471
129.406090273  3.07725283682
129.200098998  3.08892147386
129.057957991  3.09877333246
128.633310585  3.11744032128
129.888124842  3.03759950427
127.411110646  3.17884625492
126.999619399  3.20242516016
126.782726474  3.20958438936
126.256043274  3.23695081183
126.163008258  3.24693186659
126.037317672  3.25415421757
125.286371019  3.28696082935
125.8815848  3.26543985683
125.187942104  3.29312898427
125.235376501  3.29060628073
124.799467649  3.31190236049
123.915233255  3.351635318
123.881142986  3.35836869184
123.826928263  3.36317244492
123.193880716  3.38541920374
123.223315968  3.3885813206
122.650205912  3.41961224706
122.056920194  3.44264680753
121.822059498  3.46254607528
121.409278033  3.47979247928
121.041409271  3.50027514355
121.342972714  3.48783389484
121.240871782  3.49214203249
121.35222954  3.48414656419
121.130254406  3.49806380694
120.75107502  3.51355461937
120.761302641  3.51255741004
120.777025705  3.51305895322
120.739623837  3.51479242291
120.600563408  3.52218553839
120.538479622  3.52364612164
120.107614364  3.54536810992
120.245757363  3.54213054719
119.966152519  3.55320929527
120.124377677  3.54470421525
120.223053586  3.5443349152
120.300170601  3.53649261861
120.714399285  3.517538274
120.744869368  3.5141628429
120.293469871  3.53544115034
120.28054338  3.5358316139
120.254639873  3.53905867167
119.974141767  3.55052494443
120.154317598  3.5404214558
119.767169861  3.56218599829
119.603167278  3.57221506375
119.738571816  3.56671098843
119.614886562  3.57061276435
119.760400709  3.56048321955
119.958525699  3.55277594653
119.769923866  3.56352358235
119.448832014  3.57791673768
119.421030747  3.57895517413
119.42692721  3.58284845252
119.157819849  3.59307550312
119.080625452  3.59171448097
119.035531226  3.59509941715
119.144817374  3.59376945741
119.132078798  3.59249905736
119.232642039  3.58966404207
119.607771846  3.57560546089
119.197647032  3.59568000889
119.719429073  3.56786302518
120.878762202  3.51533867908
120.322506735  3.53259856435
119.637983796  3.56753322926
119.744220103  3.56295514596
119.899759659  3.55841215614
119.443819446  3.57765746089
118.957218421  3.60199197908
118.767394183  3.60785751317
118.598632839  3.62033687026
118.926527127  3.60756909586
118.4994262  3.62095946312
119.607741493  3.58367692537
119.218415215  3.59340350442
119.020871881  3.59933121788
119.166558147  3.593496611
118.799537851  3.60894031386
118.863809304  3.60840723295
119.109363508  3.59694083422
119.291231987  3.58630520957
119.304974904  3.58777117498
119.231828616  3.59095739174
119.723157128  3.56575824332
119.727421397  3.5623244086
119.70132682  3.56319040436
119.333237752  3.58334828077
119.981904316  3.54907250075
nan  nan
nan  nan
nan  nan
nan  nan
nan  nan
nan  nan
nan  nan
nan  nan
nan  nan
nan  nan
nan  nan
nan  nan
nan  nan
nan  nan
nan  nan
nan  nan
nan  nan
nan  nan
nan  nan
nan  nan
nan  nan
nan  nan
nan  nan
nan  nan
nan  nan
nan  nan
nan  nan
nan  nan
nan  nan
nan  nan
nan  nan
nan  nan
nan  nan
nan  nan
nan  nan
nan  nan
nan  nan
nan  nan
nan  nan
nan  nan
#File:  11 9000
nan  nan
nan  nan
nan  nan
173.413536228  0.441753158263
164.25479245  1.05237380729
171.982468138  0.534755779951
167.758656818  0.813153648675
154.677371336  1.68066911216
154.436537264  1.69058237299
149.284635888  2.03092856347
156.644274927  1.53974813874
149.904682863  1.98022270071
145.732238594  2.25144834758
144.976349977  2.29453797384
147.9935378  2.0947122974
149.190031589  2.00666528209
142.43871426  2.44413843943
135.026179523  2.8583420662
139.551979991  2.6260296831
143.565340835  2.36219590414
146.444880223  2.15661827334
134.185581701  2.93452298287
138.077391962  2.69864317292
133.98569352  2.95361787808
138.226881648  2.67585934821
132.344272777  3.0432405141
131.169718584  3.09390480458
131.80088851  3.07974324534
131.648975196  3.08804336907
137.235479495  2.72360276397
130.626769003  3.14266832981
130.261810278  3.16091063183
130.169677259  3.16820924975
129.012471102  3.22293382194
128.87401369  3.2353847387
127.725097569  3.28381196453
127.908658453  3.28291939799
127.345492412  3.31542867773
125.066759068  3.40937064019
123.689002351  3.4602033277
125.551605541  3.40498177091
125.804774021  3.39949910161
124.781595937  3.44346766649
123.219765383  3.512372821
124.499019647  3.47065293282
124.115415753  3.49122666915
123.583672609  3.51678868856
123.306712874  3.52725728491
122.98293795  3.5473819354
123.060421887  3.5452522939
122.893569714  3.55168638799
122.645383933  3.5669436049
122.716555984  3.56364329498
122.78325329  3.56115026401
122.433563787  3.57599463849
121.788979902  3.60275201113
121.584104407  3.61517260267
121.610696633  3.61990429134
121.718766735  3.61342557895
121.492335447  3.62306928613
121.417135422  3.62985498323
121.028855527  3.6508414413
121.191382253  3.64362698313
121.035732578  3.64887429471
121.023905053  3.65123848893
121.167791507  3.64466549024
121.399026296  3.6344099568
121.123850769  3.64406884156
121.273336648  3.64499312645
121.146919472  3.64490406861
121.168590246  3.64269965478
120.967267923  3.65506752801
120.703706269  3.66729314593
120.700602143  3.66669874617
120.724085084  3.66450057957
120.822652997  3.66069510828
121.036956829  3.64944315559
121.146260925  3.64501064842
120.84216303  3.66165566499
121.082976135  3.6479801582
nan  nan
nan  nan
nan  nan
nan  nan
nan  nan
nan  nan
nan  nan
nan  nan
nan  nan
nan  nan
nan  nan
nan  nan
nan  nan
nan  nan
nan  nan
nan  nan
nan  nan
nan  nan
nan  nan
nan  nan
nan  nan
nan  nan
nan  nan
nan  nan
nan  nan
nan  nan
nan  nan
nan  nan
nan  nan
nan  nan
nan  nan
nan  nan
nan  nan
nan  nan
nan  nan
nan  nan
nan  nan
nan  nan
nan  nan
nan  nan
nan  nan
nan  nan
nan  nan
nan  nan
nan  nan
nan  nan
nan  nan
nan  nan
nan  nan
nan  nan
nan  nan
nan  nan
nan  nan
nan  nan
nan  nan
nan  nan
nan  nan
nan  nan
nan  nan
nan  nan
nan  nan
nan  nan
nan  nan
nan  nan
nan  nan
nan  nan
nan  nan
nan  nan
nan  nan
nan  nan
nan  nan
nan  nan
nan  nan
nan  nan
nan  nan
nan  nan
nan  nan
nan  nan
nan  nan
nan  nan
#File:  11 10000
nan  nan
nan  nan
174.300628079  0.39734414265
nan  nan
171.931353412  0.561472106192
166.634560031  0.927678390045
158.681658666  1.4776090453
157.922602762  1.52611800024
154.946763887  1.72750495187
154.482592588  1.75633633572
151.848385952  1.93277458055
150.944654656  1.99477050234
153.392554523  1.82042567847
147.695623829  2.21278961374
150.888447453  1.98812184949
151.756085304  1.92378273915
146.815435392  2.25492931974
145.555439514  2.33087966984
144.634469211  2.39722173921
143.887940075  2.44623683906
145.154616936  2.35522419191
140.440934717  2.66961537501
143.151603118  2.4783383737
140.474101382  2.66191046842
140.697148126  2.63970735416
140.999770142  2.61227488735
139.434171499  2.71745270831
140.650033859  2.63138801393
133.263419157  3.08339573723
137.641854394  2.82281028024
136.434359126  2.89808118994
139.240286428  2.70417752027
139.421657236  2.68591817956
132.22482696  3.16075084799
129.044603514  3.29841168381
136.427275456  2.87791632715
138.56694965  2.72597099804
133.962512566  3.02217348125
127.544846878  3.39560488954
129.224494333  3.3336780609
128.09880025  3.38457927518
128.756741072  3.3562963934
126.049063308  3.47142564494
127.781507894  3.41295666544
129.682283123  3.28835216353
126.9654979  3.45487711147
126.705692384  3.4712790623
123.964203102  3.57906981002
125.861535294  3.51903022827
125.047369416  3.55761727226
123.338265471  3.6297401461
124.631910261  3.5850601237
123.453782429  3.63789594662
123.982046714  3.62304085233
123.247705803  3.65634306714
122.416269376  3.68872051815
122.165305825  3.70548754957
122.722117905  3.68530456875
121.930457051  3.72543995113
122.539278634  3.70004307292
122.249277594  3.71615844543
121.981692741  3.72384924513
121.793981656  3.73688474086
120.739775749  3.78058398325
120.664530698  3.78841905315
121.168154071  3.77225383924
120.921256833  3.78008632693
120.644301672  3.79837327889
120.671113137  3.80034886591
120.586971218  3.80062997319
119.756462944  3.83095339777
120.361807191  3.81433142742
120.535672217  3.80667108228
120.565841825  3.80323644355
120.060651213  3.83200753079
119.659067817  3.84637066633
119.749656718  3.84595693255
119.539107673  3.856667993
119.59716888  3.85240495967
119.515589275  3.85991320705
119.577719041  3.85426810608
119.448272948  3.86002318127
119.393670756  3.8672142462
119.590812079  3.85526491599
119.228487599  3.87032188857
119.535696154  3.85666374664
119.761055515  3.8476362467
119.431241229  3.85854297439
118.942607873  3.88137125169
119.291091863  3.86846927432
118.686582237  3.8913177175
119.09560334  3.88040193525
118.844353192  3.89215679789
119.125697875  3.88407804107
118.901905791  3.88990530548
118.998434332  3.88208629182
118.92427121  3.89038724557
119.101306711  3.88350501225
119.341993791  3.87075763595
119.170079659  3.87689356398
119.158344943  3.88030485431
119.057832567  3.87901087689
118.725624651  3.89484169113
119.362343939  3.8669100125
119.026831487  3.88221132147
119.208876435  3.8765784271
118.793287522  3.89509860582
118.709755096  3.90061190151
118.641713196  3.90149518571
118.637191904  3.90611552111
118.736510735  3.89997208937
118.747746459  3.89876026266
118.775551868  3.89677748125
118.75205976  3.90020330636
117.879433775  3.95756943273
119.042688332  3.88176076773
118.916572871  3.88928060225
118.820937214  3.90069723211
118.557146337  3.90629277677
118.796082598  3.89514027034
118.680934915  3.9019688512
118.567908586  3.90890021405
118.762151799  3.901344522
118.642648169  3.90611280125
118.663185686  3.90037049643
118.681960669  3.9026073483
118.645526768  3.90580957163
118.958979615  3.88541583441
118.883926372  3.89012252023
118.780171945  3.89749195506
118.841098612  3.89698670207
118.922844049  3.88987530518
118.932537877  3.88847590382
118.675013345  3.90466776271
118.796241556  3.89447258186
118.691287349  3.89920789608
118.7260033  3.89893443917
118.465627434  3.91197730233
118.536410905  3.9063901455
118.593250903  3.9062056766
118.600233242  3.90533217559
118.632109609  3.9035819928
118.631903925  3.90466589899
118.29129185  3.9197898445
118.759624706  3.89734093368
118.154645358  3.92456479256
118.216520151  3.9235309113
118.380882055  3.91853763771
118.526205451  3.90986847271
118.57825453  3.90782202591
118.581774067  3.91208784637
118.433001978  3.91404535684
118.271302577  3.92159124439
118.61419085  3.9070721438
118.460705729  3.91210432408
118.517326976  3.91371305804
118.738566073  3.89849901266
117.921017699  3.95519671004
118.877011975  3.89277199618
118.823897634  3.89443976914
