Contact Angle  Base Radius
#File:  17 1000
133.753842407  1.38138787457
103.242536884  2.10544086013
98.9583528855  2.19018848332
99.4768855496  2.17958228082
101.721865473  2.13453755456
102.425912204  2.11731889508
98.4169844289  2.20593742121
101.462460721  2.1408553489
102.112644321  2.13286167848
100.751812062  2.16014484887
101.263750467  2.1437005052
104.367920723  2.08137064799
104.506160245  2.08343084395
104.694399201  2.0761776809
103.784686001  2.100919303
102.201341461  2.12948903918
97.2407968171  2.22452253537
99.489975386  2.18563019385
101.706016539  2.13928975225
102.914749283  2.11325624591
103.91024869  2.0880140583
104.420945301  2.07914819426
100.065314009  2.17318612823
101.723865884  2.1414841685
101.151247719  2.14840345397
99.7234675544  2.17529392106
105.44143631  2.06182070423
101.252043264  2.14091063022
101.263293851  2.14662341389
102.540867748  2.11934585864
101.556374989  2.13731878262
105.542012638  2.05572171503
101.83023579  2.13730121593
103.450847995  2.09730449003
103.257877106  2.10496377284
101.478147645  2.13458706175
100.382026133  2.16434885155
99.5585788789  2.17434338184
103.402777688  2.10286549821
102.692569506  2.11365455969
102.066191725  2.12234866391
102.584703995  2.11354772244
104.47733817  2.08070483778
104.39025916  2.08138159938
102.850865418  2.11389415338
101.97662279  2.13185583339
98.1777781033  2.20754398514
103.282341632  2.1054373269
102.444926371  2.12310035355
100.032727777  2.16320592833
105.877547556  2.04529860377
103.547528507  2.09438159699
99.3704109054  2.17636981547
97.8628914441  2.20505372926
101.783376335  2.12526897945
102.799011139  2.11273596589
101.839135067  2.12456051811
100.912626366  2.14496695958
100.293026101  2.16138638478
98.6706230728  2.18619786867
102.439335417  2.11012591518
100.205870819  2.15096789558
98.5182686474  2.18687946659
99.3652236836  2.16693274587
99.6835971495  2.16503641062
97.5579665094  2.20758167843
101.449522258  2.14170967104
100.556493004  2.15593984173
100.345721389  2.15707486051
100.445795198  2.1580360291
101.811156219  2.13174287418
98.1456375766  2.20058344797
95.5786443061  2.24570421681
98.9538083818  2.18576932151
96.3817244448  2.2286199124
100.128460243  2.15328815805
95.4742469409  2.24955711523
99.0855858419  2.17670624919
98.8972834394  2.18918697214
98.1655827646  2.19363049256
nan  nan
nan  nan
nan  nan
nan  nan
nan  nan
nan  nan
nan  nan
nan  nan
nan  nan
nan  nan
nan  nan
nan  nan
nan  nan
nan  nan
nan  nan
nan  nan
nan  nan
nan  nan
nan  nan
nan  nan
nan  nan
nan  nan
nan  nan
nan  nan
nan  nan
nan  nan
nan  nan
nan  nan
nan  nan
nan  nan
nan  nan
nan  nan
nan  nan
nan  nan
nan  nan
nan  nan
nan  nan
nan  nan
nan  nan
nan  nan
nan  nan
nan  nan
nan  nan
nan  nan
nan  nan
nan  nan
nan  nan
nan  nan
nan  nan
nan  nan
nan  nan
nan  nan
nan  nan
nan  nan
nan  nan
nan  nan
nan  nan
nan  nan
nan  nan
nan  nan
nan  nan
nan  nan
nan  nan
nan  nan
nan  nan
nan  nan
nan  nan
nan  nan
nan  nan
nan  nan
nan  nan
nan  nan
nan  nan
nan  nan
nan  nan
nan  nan
nan  nan
nan  nan
nan  nan
nan  nan
#File:  17 2000
nan  nan
128.598061189  1.89091447622
109.342134433  2.48115251871
102.907093494  2.65565770944
100.979478477  2.70264850615
98.8877606756  2.76244861989
100.983745284  2.70750529958
101.740319033  2.6813131668
101.774356145  2.68317507577
101.825260821  2.68354880385
100.901275503  2.70689464071
100.03970181  2.73005910437
98.9786317915  2.7586088792
101.724965327  2.68264009549
100.360250555  2.71599292559
102.373761994  2.66533517899
100.769393441  2.70343633761
100.960973987  2.70985524689
99.85466963  2.73478894771
100.895378922  2.70865843717
101.938987767  2.68061844362
101.492408916  2.6893707189
99.2171572318  2.75383218328
100.502985965  2.71468919333
99.7475536061  2.73734641876
102.113538798  2.6796020093
103.314297324  2.64248730543
101.420241952  2.69374962808
100.580638004  2.71597416902
100.431521277  2.71952695732
100.996312998  2.70411015994
102.491979481  2.66521729701
100.031240653  2.72965963668
102.15458933  2.67344986021
99.8788157732  2.7359134086
97.8855561564  2.77497209994
99.2518107636  2.74734843045
101.20695355  2.69540211275
101.799806637  2.68383549588
100.547652993  2.71852140224
99.8656791248  2.73709361915
100.081723316  2.72951403109
100.175129113  2.72615420664
103.445267044  2.63869753415
101.505141962  2.69114691905
100.97299611  2.70911861646
99.8209931126  2.74015154024
99.4248454859  2.74796715538
99.7043344329  2.73348339316
99.8493071608  2.73610077191
100.84658975  2.70735474529
100.466015248  2.72153377272
102.435586296  2.6701038174
103.247120255  2.64396207034
100.618876408  2.71561670578
99.9577790392  2.73512389912
100.392676082  2.72336026453
100.79683698  2.70685671553
101.489561978  2.69469543111
100.297459014  2.71778061274
98.9140243391  2.75946227513
101.22125674  2.69720794034
100.10369189  2.72349827317
102.145001407  2.67459091801
102.467228043  2.66180460239
102.555434838  2.66145173157
100.550701681  2.71569160381
100.282820005  2.72285216862
101.087503207  2.70587123809
103.022010517  2.64969114628
102.632014313  2.6615268464
100.924722238  2.70447189
102.160480653  2.67282826631
101.644812406  2.69033915754
101.403076378  2.68898422255
101.354207646  2.69261725325
100.89328159  2.70804984753
99.5566567436  2.73569982
99.2954370351  2.74592769295
100.284224411  2.71855946208
nan  nan
nan  nan
nan  nan
nan  nan
nan  nan
nan  nan
nan  nan
nan  nan
nan  nan
nan  nan
nan  nan
nan  nan
nan  nan
nan  nan
nan  nan
nan  nan
nan  nan
nan  nan
nan  nan
nan  nan
nan  nan
nan  nan
nan  nan
nan  nan
nan  nan
nan  nan
nan  nan
nan  nan
nan  nan
nan  nan
nan  nan
nan  nan
nan  nan
nan  nan
nan  nan
nan  nan
nan  nan
nan  nan
nan  nan
nan  nan
nan  nan
nan  nan
nan  nan
nan  nan
nan  nan
nan  nan
nan  nan
nan  nan
nan  nan
nan  nan
nan  nan
nan  nan
nan  nan
nan  nan
nan  nan
nan  nan
nan  nan
nan  nan
nan  nan
nan  nan
nan  nan
nan  nan
nan  nan
nan  nan
nan  nan
nan  nan
nan  nan
nan  nan
nan  nan
nan  nan
nan  nan
nan  nan
nan  nan
nan  nan
nan  nan
nan  nan
nan  nan
nan  nan
nan  nan
nan  nan
#File:  17 3000
nan  nan
152.065818581  1.2159121782
132.618041764  1.99605978129
121.524093074  2.40311046927
111.427802572  2.75516802576
109.655147212  2.81019178456
107.616687344  2.87168988463
107.25074736  2.89022467123
108.10246896  2.86566927435
108.147046326  2.86852263948
107.420390483  2.88957483053
106.774677201  2.89820807318
105.687323408  2.94044260308
105.270681116  2.94735936775
105.961308323  2.93071450613
106.339073601  2.91003099235
106.140498493  2.92585898452
106.769593706  2.90406547475
105.482159282  2.94160332957
101.217134781  3.06710175373
102.259699102  3.04031731097
104.716294469  2.96985417287
104.486124843  2.9767382866
105.1288079  2.95610679448
105.625031182  2.93950309956
106.655380212  2.90572180025
105.267604903  2.94848220811
104.36386447  2.97494530952
102.785124107  3.01928438038
102.83599518  3.02207316519
103.837071021  2.9890285539
105.375577158  2.95021189209
104.906196301  2.96182218313
103.828436288  2.98531723828
102.534693422  3.02917723272
102.755204162  3.0265618603
101.994355347  3.04576836076
104.030844772  2.98557994246
102.766890737  3.02414269034
103.033627347  3.01640722978
102.755273613  3.02330597371
100.464939029  3.09228271167
101.39366451  3.06488172273
101.804905897  3.05063086322
102.023797465  3.04326854769
103.324827655  3.00737990937
104.561746693  2.97220394176
103.910351622  2.98670233396
103.041110953  3.01448775874
102.382129264  3.03658067144
102.916695681  3.01860355104
102.257459004  3.03782143491
101.707555054  3.05113280097
101.101021032  3.06879162982
102.049607517  3.04352565644
102.834744154  3.01879437963
102.464135242  3.03348527603
102.8589834  3.01902090813
102.648742809  3.0293737664
101.950010893  3.04811999486
100.929743474  3.07761616971
100.156098042  3.10169805649
100.546004876  3.08964452117
101.252195936  3.06617011757
99.701767502  3.11310405852
98.3074261623  3.16145432597
99.4417148129  3.1218286986
99.8958917296  3.11170720107
99.3348128896  3.12289607786
100.908323526  3.07913026971
101.563900749  3.06037586504
102.103091106  3.04426536219
101.880856474  3.05217722802
101.960001347  3.04485790733
101.560646431  3.05744517369
101.815500913  3.05421251208
101.079439053  3.0684620823
102.111809151  3.04491300125
100.837772568  3.07988086547
100.741076895  3.08006889062
nan  nan
nan  nan
nan  nan
nan  nan
nan  nan
nan  nan
nan  nan
nan  nan
nan  nan
nan  nan
nan  nan
nan  nan
nan  nan
nan  nan
nan  nan
nan  nan
nan  nan
nan  nan
nan  nan
nan  nan
nan  nan
nan  nan
nan  nan
nan  nan
nan  nan
nan  nan
nan  nan
nan  nan
nan  nan
nan  nan
nan  nan
nan  nan
nan  nan
nan  nan
nan  nan
nan  nan
nan  nan
nan  nan
nan  nan
nan  nan
nan  nan
nan  nan
nan  nan
nan  nan
nan  nan
nan  nan
nan  nan
nan  nan
nan  nan
nan  nan
nan  nan
nan  nan
nan  nan
nan  nan
nan  nan
nan  nan
nan  nan
nan  nan
nan  nan
nan  nan
nan  nan
nan  nan
nan  nan
nan  nan
nan  nan
nan  nan
nan  nan
nan  nan
nan  nan
nan  nan
nan  nan
nan  nan
nan  nan
nan  nan
nan  nan
nan  nan
nan  nan
nan  nan
nan  nan
nan  nan
#File:  17 4000
nan  nan
nan  nan
155.155244348  1.20527557624
144.346910052  1.69575583159
133.271059276  2.1853804715
126.30587868  2.4806064088
116.220499196  2.86506441628
115.403424419  2.89492981257
111.110453108  3.07022933949
108.405069469  3.15833615918
105.447306515  3.25643381879
103.319180152  3.33058053339
102.351380596  3.3645332928
101.990897469  3.37333195448
101.326532449  3.38801898586
101.74634004  3.37853372647
100.934940599  3.40345075223
100.1172439  3.42993062712
100.518891388  3.42232875094
99.2885067142  3.45690744927
99.0534496586  3.46710826368
99.7107501877  3.44520769147
101.262453585  3.39500040622
100.873682004  3.40769149529
99.3958084878  3.44998505399
100.16701031  3.43323542774
100.494300213  3.42087906703
100.300028743  3.42752262483
99.91279315  3.44110789622
100.169307997  3.43355035915
100.258698719  3.4242581988
99.7474395185  3.44084773675
100.528463819  3.41626594622
100.657722644  3.41042029549
101.291135291  3.39488226565
101.488842944  3.386567829
101.160467643  3.39877533007
101.088051607  3.40281951216
101.173157484  3.39378500686
100.782771099  3.41165840607
100.498859499  3.41640802202
100.901093923  3.40821984322
101.373956938  3.39071971195
101.137017176  3.39998902347
101.46930988  3.38209049415
101.510105601  3.37865590105
100.982769494  3.39901051089
101.050149543  3.39745116867
100.854697202  3.40810064612
100.564940642  3.41607876238
101.219014776  3.39261419289
101.661809715  3.37853813525
102.030250799  3.36781561884
102.040891406  3.36152303844
101.871558462  3.37257113523
102.126225956  3.36084134442
101.491239969  3.38180820337
100.94250623  3.39886054002
101.232950508  3.3886417384
101.542906926  3.38668613231
102.412495577  3.35789527603
102.260424866  3.36027059398
101.037769115  3.40097579147
100.432412773  3.42070456927
100.097233516  3.42600069563
100.444771658  3.4201245151
101.439396884  3.38739467042
101.474125497  3.38436333925
100.833864243  3.40711700933
99.8730934782  3.43845584905
99.9922156229  3.43714556936
100.555693377  3.41740612471
100.964540126  3.40175200321
101.340452879  3.39095309368
102.038560009  3.36438281017
102.36236981  3.35687692591
101.939043129  3.36634556712
101.155228804  3.39653502905
101.150927969  3.39350528347
101.702151731  3.37740718707
nan  nan
nan  nan
nan  nan
nan  nan
nan  nan
nan  nan
nan  nan
nan  nan
nan  nan
nan  nan
nan  nan
nan  nan
nan  nan
nan  nan
nan  nan
nan  nan
nan  nan
nan  nan
nan  nan
nan  nan
nan  nan
nan  nan
nan  nan
nan  nan
nan  nan
nan  nan
nan  nan
nan  nan
nan  nan
nan  nan
nan  nan
nan  nan
nan  nan
nan  nan
nan  nan
nan  nan
nan  nan
nan  nan
nan  nan
nan  nan
nan  nan
nan  nan
nan  nan
nan  nan
nan  nan
nan  nan
nan  nan
nan  nan
nan  nan
nan  nan
nan  nan
nan  nan
nan  nan
nan  nan
nan  nan
nan  nan
nan  nan
nan  nan
nan  nan
nan  nan
nan  nan
nan  nan
nan  nan
nan  nan
nan  nan
nan  nan
nan  nan
nan  nan
nan  nan
nan  nan
nan  nan
nan  nan
nan  nan
nan  nan
nan  nan
nan  nan
nan  nan
nan  nan
nan  nan
nan  nan
#File:  17 5000
nan  nan
nan  nan
150.591160014  1.53698489892
148.99164655  1.60075715725
146.35616332  1.71907328349
135.026385481  2.25898573568
125.263098633  2.72176840129
122.328872242  2.84918331778
122.015048277  2.82845496509
116.949004539  3.05994648325
114.595137262  3.14609329167
109.159554361  3.36668542936
107.68363934  3.41924389555
106.587730586  3.46297506157
106.304854618  3.47936702459
105.21005408  3.51917199725
104.864127724  3.5361731807
105.099311216  3.52616128424
104.288451578  3.55224040927
103.714852211  3.56968652486
103.411872042  3.58828281528
103.569154569  3.57868240067
103.213371704  3.58883273479
102.60534187  3.61316039616
102.893717082  3.60362629141
102.93378236  3.5990978258
102.594428283  3.60950788869
102.633398898  3.61832819291
102.51320858  3.61547539265
102.658066338  3.6115782422
103.071302357  3.59744052358
103.313479013  3.5899333421
103.230940025  3.592412772
102.310240626  3.62335347873
102.950006194  3.6001154816
102.846312425  3.59826516198
103.108692424  3.59751011661
103.463923225  3.58651161908
103.645917035  3.57574019072
102.972596119  3.59787126592
102.97192197  3.60077376395
102.595145961  3.60955571472
103.182527207  3.59052542821
103.049353224  3.59680475329
103.801654405  3.57188658766
103.502497514  3.57678701866
102.267585616  3.6180823869
101.810423825  3.63725682496
101.85931603  3.63941231985
102.273598552  3.62772292684
103.031576595  3.60280614275
103.366676756  3.58282896758
103.213456287  3.58912601834
102.485386146  3.61573936389
101.848597147  3.63438571173
102.008639641  3.63207880831
101.814464886  3.6399626059
101.500192088  3.65008475612
101.665053589  3.64184848117
101.973784911  3.63420186834
102.158806265  3.62978501697
102.558513093  3.61517920779
102.872826635  3.60370762605
102.881951484  3.6091692026
102.420668339  3.61767381982
102.248243586  3.62342548541
102.270078845  3.6210877391
102.019750305  3.63023066727
102.529044925  3.61597977164
102.943134514  3.59483084022
102.572769529  3.608213531
102.421686697  3.61529966382
103.091800333  3.59043106035
103.551740597  3.57688233607
102.862929214  3.60085585469
101.896511118  3.62960418569
101.95192876  3.63734278074
101.994713035  3.63512262411
101.390552052  3.65331030051
101.962742899  3.63076352401
nan  nan
nan  nan
nan  nan
nan  nan
nan  nan
nan  nan
nan  nan
nan  nan
nan  nan
nan  nan
nan  nan
nan  nan
nan  nan
nan  nan
nan  nan
nan  nan
nan  nan
nan  nan
nan  nan
nan  nan
nan  nan
nan  nan
nan  nan
nan  nan
nan  nan
nan  nan
nan  nan
nan  nan
nan  nan
nan  nan
nan  nan
nan  nan
nan  nan
nan  nan
nan  nan
nan  nan
nan  nan
nan  nan
nan  nan
nan  nan
nan  nan
nan  nan
nan  nan
nan  nan
nan  nan
nan  nan
nan  nan
nan  nan
nan  nan
nan  nan
nan  nan
nan  nan
nan  nan
nan  nan
nan  nan
nan  nan
nan  nan
nan  nan
nan  nan
nan  nan
nan  nan
nan  nan
nan  nan
nan  nan
nan  nan
nan  nan
nan  nan
nan  nan
nan  nan
nan  nan
nan  nan
nan  nan
nan  nan
nan  nan
nan  nan
nan  nan
nan  nan
nan  nan
nan  nan
nan  nan
#File:  17 6500
nan  nan
nan  nan
155.316772109  1.42669853618
163.461783256  0.948399142987
157.874577474  1.2633673262
157.057879223  1.29731540998
148.709523106  1.75216101722
137.588434678  2.36234395325
132.929272973  2.60611002951
130.841338381  2.7021712091
131.878321286  2.61798303695
127.135136205  2.85694527968
123.381613277  3.03247496016
117.245359958  3.34454086641
116.976024848  3.33412549824
112.736481992  3.54810556317
112.361305079  3.55837290976
109.770817651  3.67929348432
107.205983658  3.75052399139
107.785594664  3.75424330504
107.652741585  3.76682189155
107.115038967  3.78809359515
106.754719846  3.79922767251
106.104785243  3.82069145546
105.793838216  3.84052558132
105.665154036  3.8427446182
105.743842917  3.84129368453
105.479699646  3.85376941507
105.257972191  3.85841973097
105.141629681  3.86171616962
105.326667299  3.86079653147
105.598272119  3.84678381246
105.55997207  3.84639866125
105.32882744  3.85933956815
105.819891231  3.8452589685
105.252009967  3.85864464071
104.970059191  3.87174252156
105.075312164  3.86178524154
105.131016354  3.86479507253
104.738128071  3.88023933659
105.013133705  3.87139361356
105.202930043  3.85976293801
105.758659673  3.84140817798
105.756342265  3.8427280531
105.308496304  3.85244578653
105.570547696  3.84707469891
105.35412734  3.85791398601
105.10070696  3.86333941088
104.725727564  3.88248122253
105.183855647  3.86242826073
105.946433583  3.83520998642
105.624203161  3.84317340354
104.961062406  3.86086250815
105.116444854  3.86122454928
104.880767046  3.87375613054
104.961129212  3.87054208297
104.792603382  3.87269348705
105.032225885  3.86765817964
105.234637754  3.86641152528
105.462188378  3.85322546194
105.780160602  3.84073796485
105.784454381  3.83823195744
105.56944645  3.84863679859
105.227986048  3.85970238796
105.529804693  3.85351284552
105.154474047  3.85790881427
105.029343169  3.86571438394
105.346345372  3.85951038328
104.860935528  3.87416234534
104.967981436  3.86844919243
104.825916728  3.87444500145
104.816940105  3.87487933035
104.833672414  3.87154879621
104.978728973  3.86900192656
104.995811497  3.86930364017
105.190690152  3.86322308467
105.716058017  3.83933034303
105.778568885  3.83503744329
105.986843658  3.82930140919
105.956234629  3.83155695141
105.696056546  3.83418131521
105.288575194  3.85150465319
105.105695454  3.8621761032
105.033844306  3.85898862297
105.618897172  3.84496149498
105.480556078  3.8471606207
105.876862537  3.82775062185
105.69413327  3.8388955681
105.177961886  3.85684184413
105.421806943  3.85183530141
104.972317003  3.86588606342
105.442681909  3.8494646534
105.285226058  3.85560002753
105.17043322  3.85937752156
104.741551328  3.87584644549
105.163298495  3.85912173304
105.509384102  3.8415252005
104.867868317  3.86059396771
105.001922023  3.86290664631
105.101179099  3.86085253646
105.506801827  3.84209503836
104.719345466  3.86722923884
104.332222892  3.88756499438
104.355625451  3.88989017468
104.518804533  3.88461013577
104.447751404  3.88547209504
104.472948618  3.88500586427
104.729341411  3.87830439262
104.759026315  3.87441916068
104.667610856  3.87954018525
106.109350803  3.84123391879
105.320819153  3.85359626126
105.362518266  3.85028969894
105.51397204  3.84205033287
105.120037217  3.85549450903
105.29420779  3.85641589784
105.677557669  3.83696034798
105.175855261  3.85180557956
105.739823535  3.83758883451
105.616508812  3.84027230598
nan  nan
nan  nan
nan  nan
nan  nan
nan  nan
nan  nan
nan  nan
nan  nan
nan  nan
nan  nan
nan  nan
nan  nan
nan  nan
nan  nan
nan  nan
nan  nan
nan  nan
nan  nan
nan  nan
nan  nan
nan  nan
nan  nan
nan  nan
nan  nan
nan  nan
nan  nan
nan  nan
nan  nan
nan  nan
nan  nan
nan  nan
nan  nan
nan  nan
nan  nan
nan  nan
nan  nan
nan  nan
nan  nan
nan  nan
nan  nan
#File:  17 7000
nan  nan
nan  nan
nan  nan
160.031813426  1.18450747659
164.53968308  0.910751924442
148.801644722  1.82882760027
150.950840007  1.68595396897
156.239313727  1.36376382174
146.368088067  1.92017233623
138.916745746  2.33580557125
132.701980896  2.66894332557
129.54631219  2.82891843254
126.355871171  2.98956066343
127.487612177  2.90075895414
122.058967234  3.19799967795
120.727274521  3.25597285599
120.139925864  3.27498154603
117.166142922  3.41431053251
116.343706001  3.45837093986
114.031878731  3.55584728313
116.388730451  3.41339206527
112.167367102  3.63933766946
109.492958418  3.77165882768
109.93988386  3.74615746503
108.597069763  3.80421799721
108.458096451  3.81590827398
107.716502351  3.84255646263
107.249161194  3.86454112255
107.088896511  3.87159510066
106.812016182  3.88070634009
106.491947326  3.89543714762
106.044040583  3.90794161002
106.244547781  3.90455234194
105.827635555  3.91537119058
105.572222705  3.93008761107
105.805840693  3.91870738763
105.55421326  3.9328069473
105.858024161  3.9221625147
106.118904705  3.90700555792
105.75064356  3.92499665072
105.425823963  3.93732909426
105.084390096  3.95279415605
105.12041039  3.94229272924
105.372570976  3.93528693786
105.511383329  3.93527295665
105.744743912  3.92626680728
105.873042445  3.92165196679
105.216985637  3.93803950876
105.353834385  3.93718982125
104.643899978  3.96717757064
105.109808028  3.95324407151
105.112118619  3.95121437708
105.121993638  3.95274244741
104.998151  3.95308221399
105.091587006  3.9494064724
105.161629437  3.94725710902
105.101483688  3.94682786882
105.302866235  3.9407543864
105.140620722  3.94479017577
105.407367731  3.94187650954
105.545062532  3.93291324568
105.619642202  3.93015508369
104.936055515  3.9514375084
105.195859599  3.94604153025
105.178205958  3.94404831205
105.868968281  3.92067292294
105.78896425  3.91767212109
105.628875534  3.92866588006
105.781752701  3.92415092286
105.356836236  3.93729189135
105.397849733  3.93623512794
105.487312064  3.93521215365
105.438945554  3.93814144151
105.096903713  3.94741005685
105.025053549  3.95160212375
104.684008496  3.9668985076
103.93777573  3.9954409338
104.021898645  3.99230404107
103.596699683  4.00688605921
103.552389658  4.01273781594
103.315841142  4.02013506064
103.339521761  4.01950872662
103.267414603  4.02544226184
103.320896602  4.02081714749
103.957510817  3.995995225
104.2591256  3.98533524981
104.095731528  3.98797482703
104.178694866  3.98468511479
104.271958805  3.983226392
103.834225528  3.99754637477
103.78902142  4.0018503318
104.137707373  3.99372122685
104.080490192  3.98740032312
103.757735618  3.99885152654
103.989129176  3.98871801659
103.041618906  4.02978130605
103.949422231  3.99776742111
103.665950639  4.00289754875
103.954943739  3.99405503366
104.817124118  3.96400492353
104.395753018  3.97658156127
104.226433933  3.97913376836
104.148333366  3.98383897171
103.850221028  3.99617539029
104.260370297  3.98147556723
103.353627244  4.01202369126
103.480777295  4.01616291349
103.001634903  4.02743232792
102.880164547  4.03535278269
103.127649016  4.02542041547
103.62318317  4.0078699314
103.760161453  4.00219333762
104.126006072  3.98427610515
103.348585306  4.01677528677
103.701111498  4.00315123685
103.780694201  3.99849668683
103.757396044  3.99694041294
104.515505605  3.96947273641
104.866530841  3.9563007431
104.699957011  3.96030711493
nan  nan
nan  nan
nan  nan
nan  nan
nan  nan
nan  nan
nan  nan
nan  nan
nan  nan
nan  nan
nan  nan
nan  nan
nan  nan
nan  nan
nan  nan
nan  nan
nan  nan
nan  nan
nan  nan
nan  nan
nan  nan
nan  nan
nan  nan
nan  nan
nan  nan
nan  nan
nan  nan
nan  nan
nan  nan
nan  nan
nan  nan
nan  nan
nan  nan
nan  nan
nan  nan
nan  nan
nan  nan
nan  nan
nan  nan
nan  nan
#File:  17 8000
nan  nan
nan  nan
nan  nan
nan  nan
171.065334047  0.551707518739
nan  nan
151.485419961  1.74480955673
146.595021483  2.02635931664
141.836074174  2.31092501153
151.442661046  1.70756192347
146.601216523  1.98390410668
145.035358739  2.05889951305
135.747261689  2.60340436258
137.006812399  2.51033151914
132.415668286  2.76581889034
126.656347335  3.09473876331
129.738043958  2.88579701897
121.104838933  3.39198477416
114.675850159  3.66987493867
120.09587959  3.42765321487
118.129252826  3.52615482857
112.594446409  3.78996724402
116.209756046  3.60929164111
112.022655945  3.83438206572
110.577875492  3.88394139617
110.750545519  3.8920723168
109.531445767  3.93280100476
107.247052602  3.99407456925
109.212018069  3.95560890716
108.746546962  3.97636226892
108.33158373  3.99147828881
107.925166661  4.00921549205
107.467518012  4.0279192783
107.227792434  4.0435719703
106.586589878  4.06951808514
106.21939748  4.08128746643
106.446171723  4.081692081
105.776135511  4.09701345867
105.93187749  4.10038516553
105.872768903  4.1046176665
105.630768876  4.11094030804
105.672256301  4.11015642345
105.376464624  4.12120754511
105.370174889  4.11752533253
104.668732438  4.1502631869
104.690916266  4.14598038342
104.630559202  4.15342616899
104.824762987  4.14661348666
103.560702299  4.17897931318
103.829451891  4.1850334334
104.379175315  4.16704414867
104.459783294  4.15940464089
104.883835818  4.13783256613
104.764180055  4.14597485486
104.452949184  4.15407992904
104.436822571  4.15985856161
104.262316197  4.16636790255
104.040100318  4.1763149424
104.071799122  4.17295035713
104.896967824  4.14410256734
104.530059602  4.15711175572
103.68353236  4.18144933584
104.203477739  4.16711670364
104.246028657  4.1698780407
103.61636917  4.19009130065
103.581701915  4.18972002291
103.754168941  4.18863159419
103.936212041  4.18383166627
104.600958761  4.15679077193
104.279410229  4.16070633098
104.140549008  4.1712146114
103.87366644  4.17807198278
103.963786635  4.18366446524
103.995878591  4.17795836205
103.961787792  4.18152890004
103.853003138  4.18899253691
103.320153492  4.19975293015
103.063205763  4.22006772558
102.945355975  4.22399319972
102.61413873  4.23643060395
102.711064585  4.23122677766
102.983609516  4.21879168198
102.850010658  4.22742169239
102.986593115  4.22153112415
103.115827529  4.21193376028
102.982713633  4.21490048286
103.087261224  4.21768224155
103.156508901  4.21516721325
103.023807446  4.21970398242
102.806476625  4.22625243385
103.015153504  4.22224175097
103.041844261  4.22587467528
102.939093177  4.22156446547
102.932023501  4.22173708862
102.771020218  4.23094262159
102.772234307  4.22818148682
102.253778118  4.25036410876
102.348441061  4.25011668671
103.242534191  4.22267965768
103.22614185  4.20982139512
103.111058871  4.21412238059
102.954822017  4.22064835179
103.059523136  4.2182115691
103.18717102  4.21324917982
103.192860369  4.21161653856
103.355565864  4.20510017524
103.358084803  4.20608806765
102.926658927  4.21836168906
103.004562185  4.21784653841
102.922788417  4.22484513439
102.751709989  4.22959348023
102.340944385  4.24669852897
102.763605564  4.23349180119
102.964954922  4.22157818896
102.628956068  4.23414125603
102.906691724  4.22656697708
102.797360017  4.23046033353
102.602695466  4.23385439382
102.856597815  4.2264257011
102.745867079  4.22986270639
nan  nan
nan  nan
nan  nan
nan  nan
nan  nan
nan  nan
nan  nan
nan  nan
nan  nan
nan  nan
nan  nan
nan  nan
nan  nan
nan  nan
nan  nan
nan  nan
nan  nan
nan  nan
nan  nan
nan  nan
nan  nan
nan  nan
nan  nan
nan  nan
nan  nan
nan  nan
nan  nan
nan  nan
nan  nan
nan  nan
nan  nan
nan  nan
nan  nan
nan  nan
nan  nan
nan  nan
nan  nan
nan  nan
nan  nan
nan  nan
#File:  17 9000
nan  nan
165.295399935  0.953228104487
nan  nan
nan  nan
169.837853156  0.655516993303
168.318367589  0.750852071036
170.991609408  0.575182240781
159.687337419  1.29438578116
157.032340223  1.45100020665
150.922217478  1.8330700967
151.404213797  1.78923478697
157.323925352  1.40828619349
142.648070061  2.32840930532
137.963608162  2.60831181021
139.241943972  2.51141732137
134.343089184  2.80914636964
137.182093959  2.61534021323
129.917912521  3.05364429159
129.376053924  3.08415928393
133.434906793  2.81528969077
125.511117326  3.2940817973
123.21530707  3.40931388482
123.449085224  3.39466731786
122.836183057  3.42004389617
117.997743507  3.70077269838
117.620538179  3.708555634
118.545359511  3.65682483545
114.560147055  3.88659234045
114.101317037  3.90588786433
117.051228874  3.72434295423
113.110022585  3.94951984689
112.818213448  3.9652911415
112.195016927  3.99222623797
110.262140158  4.05420317628
110.923105885  4.04808008116
110.726512172  4.06017415924
110.665930019  4.06649911779
110.106275823  4.08786824883
109.795559018  4.10217678111
109.623275837  4.10837093543
107.921311973  4.17227023741
108.134555674  4.17716638017
107.839600949  4.19155840383
106.651561101  4.22780120484
107.368597887  4.20980226116
107.148596256  4.21730221981
106.610649378  4.24117197321
106.39750641  4.25380533134
106.577473118  4.24635578116
106.125805808  4.26775404793
106.535292892  4.25342570396
106.12817046  4.26611079744
105.991155502  4.27278633501
106.130921431  4.26589981929
105.953363093  4.27564768405
105.526858756  4.29340245666
105.893096859  4.2838011164
105.818526092  4.28161875909
106.29737794  4.27025996478
105.573808966  4.29032019201
105.689926145  4.2865647463
105.787238498  4.28531968001
105.634221897  4.28994442579
105.123977037  4.30922704176
104.734416818  4.3255152922
104.866452291  4.32620749938
104.901620071  4.32400049586
104.686426907  4.33198600369
104.675835332  4.33374193939
104.606109993  4.33249445328
105.049085017  4.31951734879
105.157345114  4.31055238118
105.308953149  4.30494918668
105.292338235  4.30389571095
104.683680145  4.32254672999
104.813870541  4.32619680861
104.97276566  4.31925890212
104.702239167  4.33010979062
104.703427932  4.33194673444
104.916514353  4.32366478817
104.688365069  4.33007288107
104.712691962  4.3293151412
104.732268356  4.33412607716
103.365627834  4.37480723243
104.146029924  4.35886271696
104.077349911  4.36047178938
103.82203142  4.36447886617
103.753118655  4.36872891898
103.891622631  4.36804757497
103.82029389  4.37043527265
104.011921487  4.36028265712
104.179872835  4.35389823036
104.119553802  4.36080866638
104.163409263  4.35354575066
104.183040488  4.3506684552
104.050220973  4.35862850422
104.078338546  4.35822445332
103.970260181  4.36132872435
103.041953792  4.39132820581
103.42365821  4.38847502538
103.050123647  4.40298916988
103.207209773  4.39350349796
102.788066426  4.41613529228
102.829285965  4.40737751719
103.0734309  4.40330794263
103.017041485  4.40619266639
103.079691119  4.40511869043
103.064153154  4.39935827648
102.671566489  4.42073922754
102.539409625  4.42652020149
102.899620561  4.41554953485
102.943795335  4.40582820252
103.126867906  4.39901404778
102.922891049  4.41372639578
102.60373534  4.42190919931
102.871902601  4.41160237471
103.061876496  4.40358126524
103.257639826  4.39555029883
103.134914888  4.39694260557
102.96548392  4.40434413671
nan  nan
nan  nan
nan  nan
nan  nan
nan  nan
nan  nan
nan  nan
nan  nan
nan  nan
nan  nan
nan  nan
nan  nan
nan  nan
nan  nan
nan  nan
nan  nan
nan  nan
nan  nan
nan  nan
nan  nan
nan  nan
nan  nan
nan  nan
nan  nan
nan  nan
nan  nan
nan  nan
nan  nan
nan  nan
nan  nan
nan  nan
nan  nan
nan  nan
nan  nan
nan  nan
nan  nan
nan  nan
nan  nan
nan  nan
nan  nan
#File:  17 10000
nan  nan
nan  nan
nan  nan
nan  nan
nan  nan
nan  nan
nan  nan
156.935115487  1.52977243825
159.626287394  1.34430407143
164.499281745  1.02124372253
159.37263217  1.34966876038
146.044813221  2.22698015065
151.041948519  1.88571931163
145.101717443  2.26656341795
149.548955012  1.96576005182
147.715804761  2.0704880398
137.919259534  2.70696196523
134.236930914  2.93679129577
141.165343701  2.47125142283
134.085007919  2.9218149242
130.630402093  3.13256575135
127.327255167  3.32023065504
131.861504257  3.0278220602
129.622769626  3.16114098167
125.195827205  3.43841927695
125.4541302  3.4069518919
121.23963461  3.66980631212
120.891224829  3.67935009908
119.054988983  3.78426787881
119.868256746  3.7279172431
119.11967514  3.77014759001
120.217864265  3.68596254924
117.289892914  3.85808587457
113.638347792  4.05811655296
114.08742835  4.04863603684
115.516749923  3.95425943096
113.155275071  4.09248141666
112.618122025  4.11979594535
111.114827142  4.17293680845
111.711300292  4.15848692551
114.006256039  4.01289516653
111.86255414  4.13763420999
110.342542269  4.22429894193
109.979017858  4.2388704307
107.499481397  4.32117143028
109.224226882  4.27705957516
109.177755165  4.28425331276
108.833351504  4.29834169918
108.760659684  4.30270481163
108.407213788  4.31665443218
108.116891721  4.32680810785
107.968112972  4.33724031624
108.8920045  4.27557130728
107.171449829  4.37525923665
105.496681739  4.42947665855
106.448252471  4.40492487405
106.651809228  4.39490234361
106.341741996  4.40483071942
106.03078493  4.42310789068
105.800035098  4.43583040324
105.369201629  4.45615130997
105.314959098  4.45973534954
105.283695387  4.46124788742
105.185927813  4.46578805744
104.723682641  4.48660351692
104.292899562  4.49673378736
103.60844982  4.52382777359
103.821917791  4.5237563844
103.606676804  4.5313298918
103.269057999  4.5488683293
103.080717536  4.55569888138
103.035300358  4.5617605672
103.023857138  4.56445549244
102.838222788  4.5701699521
102.674577346  4.57571216711
102.630557859  4.57554329459
102.280343156  4.5943823541
102.257974911  4.59568698669
102.681095419  4.58263940091
102.343120294  4.59474046679
102.663531237  4.5828501197
102.697444262  4.57522030174
102.960396989  4.56297685602
102.824805039  4.57180698007
102.659321727  4.58242911843
102.232216502  4.598782443
102.330223841  4.59309343989
102.450319484  4.58695790148
103.090023196  4.57528264998
102.841248608  4.57338081832
102.623200318  4.57607994297
102.989938427  4.56193060228
103.204127252  4.55465362446
102.771615731  4.57109413944
102.236444696  4.59659924023
102.376486678  4.59382105305
102.430712015  4.58485711022
102.41295209  4.5936227392
102.448324289  4.58834171319
102.172698998  4.60147942257
102.15710807  4.60203288117
102.133122573  4.59551536414
101.859890487  4.61091805667
101.954979495  4.60342211193
101.279489047  4.62937571239
101.912933495  4.61240838476
101.924039189  4.60958297255
101.785885196  4.61862754849
102.059124309  4.60178658363
101.738303729  4.6186614794
101.849245446  4.61392129615
102.145875914  4.60397600474
102.094370181  4.60118643495
101.994044067  4.60917742728
101.864458896  4.61191615362
101.577611767  4.6214769714
102.072692418  4.60281258192
101.843864151  4.61643467489
101.798523009  4.61561314495
101.926494428  4.61311779786
101.910382187  4.61378717771
102.264382981  4.59699417682
102.338937786  4.59021240792
102.232958376  4.59495902377
102.133717595  4.59870651146
101.632908871  4.62274745872
101.72515674  4.61889280376
101.493763384  4.62866763711
101.726368559  4.62073900543
101.453786959  4.63188033755
101.319193549  4.63706721031
101.273852444  4.64004737275
101.161122183  4.64629207015
101.14669639  4.64451229901
100.989817948  4.65026930922
100.72376987  4.6667940924
101.053366883  4.65343313776
101.086327959  4.64757969354
101.322195481  4.63627439975
101.217692819  4.63813994897
101.479810672  4.62993295094
101.311144795  4.64060316206
101.643889996  4.6230098347
101.78631069  4.61357820478
101.801579698  4.61311114483
101.610309297  4.62223204904
101.577699826  4.62650888843
101.701942476  4.62164527618
101.485408473  4.62588693689
101.238864453  4.64005272322
101.36855736  4.63219828353
101.595471919  4.62148090778
101.629602128  4.62008009335
101.659837925  4.61668262294
101.757990838  4.61582179516
101.091281291  4.64338959548
101.298185686  4.6376418742
101.672692108  4.62092552219
101.88734058  4.61263313424
101.855066091  4.61380099363
