Contact Angle  Base Radius
#File:  11 1000
124.931745356  1.61532072033
117.546570188  1.81006175564
115.958071272  1.8394056553
115.747875329  1.84551122572
118.167037524  1.79393560424
113.659785043  1.89384337754
111.24843875  1.94117686945
112.753381095  1.91211809541
113.526412563  1.89094216046
113.410363105  1.8977292963
112.823799785  1.90351200373
113.986331581  1.88192775065
112.629812036  1.91505366051
111.482103097  1.93414231195
113.554364536  1.88975220121
111.100010203  1.94042444082
113.273360929  1.89766155912
116.229126857  1.83253322334
116.529317944  1.8294815201
117.03503533  1.81508186924
114.660576932  1.86239481545
115.270569461  1.8548474888
115.393702821  1.85730465527
118.39405041  1.78621449146
117.588204207  1.80160579861
114.291097201  1.8771104952
116.532956714  1.82380195773
116.594030096  1.82656952264
116.194832356  1.83698735874
116.134534344  1.83570903899
117.945878977  1.79786939426
118.539661374  1.78163219198
115.443044211  1.85070961383
116.033294213  1.83621795683
115.543480782  1.84207268293
115.512990864  1.8481313799
114.525043741  1.86544575034
115.412530648  1.84624069855
117.12889931  1.8083942403
115.178044435  1.85391065319
115.557842104  1.85044727589
117.463304028  1.8047630212
118.538395618  1.77978575469
117.821264188  1.7888688512
114.199005354  1.87491937205
111.807938321  1.92416807068
113.487141722  1.89265693022
110.915187978  1.94592283879
112.614134646  1.90527387332
111.874054679  1.91948425564
109.945483635  1.96797369813
111.92606427  1.92065465111
109.324449049  1.97903728754
112.81081536  1.90244105398
112.873217653  1.90623128081
109.181801214  1.97280532105
108.226024016  2.00002699611
110.387349231  1.9552309435
112.615831828  1.90242799594
113.245368851  1.89011821807
108.516560783  1.98975628066
106.90717301  2.02520974905
106.345167794  2.03282445736
106.87868648  2.02734567307
104.919472255  2.05673714858
106.309370994  2.03702732493
107.621355373  2.01265249629
106.700653974  2.02864528991
107.774407275  2.00491451942
110.572878112  1.94473720695
107.422083331  2.0120649301
107.434456064  2.00641082037
106.758498646  2.02263047824
107.825877703  2.00515174318
106.95968527  2.01520322918
106.609313961  2.03122348108
106.332670741  2.03430386799
108.495457248  1.98611241389
108.093887881  1.99718648809
108.293617382  1.9965744397
nan  nan
nan  nan
nan  nan
nan  nan
nan  nan
nan  nan
nan  nan
nan  nan
nan  nan
nan  nan
nan  nan
nan  nan
nan  nan
nan  nan
nan  nan
nan  nan
nan  nan
nan  nan
nan  nan
nan  nan
nan  nan
nan  nan
nan  nan
nan  nan
nan  nan
nan  nan
nan  nan
nan  nan
nan  nan
nan  nan
nan  nan
nan  nan
nan  nan
nan  nan
nan  nan
nan  nan
nan  nan
nan  nan
nan  nan
nan  nan
nan  nan
nan  nan
nan  nan
nan  nan
nan  nan
nan  nan
nan  nan
nan  nan
nan  nan
nan  nan
nan  nan
nan  nan
nan  nan
nan  nan
nan  nan
nan  nan
nan  nan
nan  nan
nan  nan
nan  nan
nan  nan
nan  nan
nan  nan
nan  nan
nan  nan
nan  nan
nan  nan
nan  nan
nan  nan
nan  nan
nan  nan
nan  nan
nan  nan
nan  nan
nan  nan
nan  nan
nan  nan
nan  nan
nan  nan
nan  nan
#File:  11 2000
nan  nan
nan  nan
nan  nan
nan  nan
nan  nan
nan  nan
nan  nan
nan  nan
nan  nan
nan  nan
nan  nan
nan  nan
nan  nan
nan  nan
nan  nan
nan  nan
nan  nan
nan  nan
nan  nan
nan  nan
nan  nan
nan  nan
nan  nan
nan  nan
nan  nan
nan  nan
nan  nan
nan  nan
nan  nan
nan  nan
nan  nan
nan  nan
nan  nan
nan  nan
nan  nan
nan  nan
nan  nan
nan  nan
nan  nan
nan  nan
nan  nan
nan  nan
nan  nan
nan  nan
nan  nan
nan  nan
nan  nan
nan  nan
nan  nan
nan  nan
nan  nan
nan  nan
nan  nan
nan  nan
nan  nan
nan  nan
nan  nan
nan  nan
nan  nan
nan  nan
nan  nan
nan  nan
nan  nan
nan  nan
nan  nan
nan  nan
nan  nan
nan  nan
nan  nan
nan  nan
nan  nan
nan  nan
nan  nan
nan  nan
nan  nan
nan  nan
nan  nan
nan  nan
nan  nan
nan  nan
nan  nan
nan  nan
nan  nan
nan  nan
nan  nan
nan  nan
nan  nan
nan  nan
nan  nan
nan  nan
nan  nan
nan  nan
nan  nan
nan  nan
nan  nan
nan  nan
nan  nan
nan  nan
nan  nan
nan  nan
nan  nan
nan  nan
nan  nan
nan  nan
nan  nan
nan  nan
nan  nan
nan  nan
nan  nan
nan  nan
nan  nan
nan  nan
nan  nan
nan  nan
nan  nan
nan  nan
nan  nan
nan  nan
nan  nan
nan  nan
nan  nan
nan  nan
nan  nan
nan  nan
nan  nan
nan  nan
nan  nan
nan  nan
nan  nan
nan  nan
nan  nan
nan  nan
nan  nan
nan  nan
nan  nan
nan  nan
nan  nan
nan  nan
nan  nan
nan  nan
nan  nan
nan  nan
nan  nan
nan  nan
nan  nan
nan  nan
nan  nan
nan  nan
nan  nan
nan  nan
nan  nan
nan  nan
nan  nan
nan  nan
nan  nan
nan  nan
nan  nan
nan  nan
nan  nan
nan  nan
#File:  11 3000
164.352882222  0.712785527428
143.7323811  1.61643583019
139.722672737  1.76271806824
131.651380737  2.07346798095
123.564660686  2.3732850117
119.140891143  2.5213847358
116.995808477  2.59315392494
114.60361679  2.67381653231
114.180984249  2.69036680444
113.350740129  2.71161411076
113.691663951  2.7007772587
113.804341359  2.69995840869
112.749116957  2.7299086778
113.200366523  2.7179695956
113.009403961  2.725078332
113.921210112  2.69527776153
113.344138227  2.71330358777
112.515648793  2.74335470547
112.226240544  2.74844070751
112.829085561  2.72928772214
113.813193231  2.69468574255
114.41196299  2.68191814286
112.951880703  2.72394835071
112.887883414  2.72968958758
112.766140523  2.73385513877
112.233033718  2.7504624883
112.43236836  2.74098846051
112.811164656  2.73122065493
112.077926289  2.74961590232
111.425392935  2.77394162092
112.943815833  2.7253070876
112.694524034  2.73506336125
112.246574954  2.74754049432
112.778699673  2.73006618541
113.390443121  2.71289535007
112.690922247  2.7300807401
112.304319406  2.7515843739
111.751561352  2.76358311451
112.581979438  2.73400506682
113.480211606  2.70572303567
112.460339129  2.74237827783
112.138870928  2.75285709545
112.61375133  2.73738300808
111.807249793  2.76358062242
111.94816922  2.75575969992
112.049005957  2.75377557695
112.104051565  2.760717767
112.624039055  2.73687111748
112.580425001  2.73996574946
113.113436321  2.72136746506
113.20771722  2.72428922848
113.586355469  2.70473199251
114.561573025  2.67406575267
114.677659107  2.67032137806
113.758858147  2.70008296536
113.041052251  2.72250959492
113.115183514  2.7194784176
113.376410203  2.71080736192
114.054188531  2.69422167066
114.582698019  2.67545100894
114.676557535  2.67183002356
114.234569868  2.68186682955
114.350914459  2.67814019648
114.561108479  2.67472550354
114.870785287  2.66229604433
113.034520139  2.72168107563
113.576805383  2.70365459483
114.091591859  2.68975730601
113.442382074  2.71313645721
112.736783092  2.73402769006
113.263081892  2.71515926305
112.715351079  2.73520065102
111.590514588  2.76619550864
111.863274943  2.76412799368
112.926753567  2.72476493688
112.155082605  2.75182359285
112.511127984  2.74036931907
112.956182871  2.72627989068
113.778946454  2.69961622807
113.533466685  2.70561956759
nan  nan
nan  nan
nan  nan
nan  nan
nan  nan
nan  nan
nan  nan
nan  nan
nan  nan
nan  nan
nan  nan
nan  nan
nan  nan
nan  nan
nan  nan
nan  nan
nan  nan
nan  nan
nan  nan
nan  nan
nan  nan
nan  nan
nan  nan
nan  nan
nan  nan
nan  nan
nan  nan
nan  nan
nan  nan
nan  nan
nan  nan
nan  nan
nan  nan
nan  nan
nan  nan
nan  nan
nan  nan
nan  nan
nan  nan
nan  nan
nan  nan
nan  nan
nan  nan
nan  nan
nan  nan
nan  nan
nan  nan
nan  nan
nan  nan
nan  nan
nan  nan
nan  nan
nan  nan
nan  nan
nan  nan
nan  nan
nan  nan
nan  nan
nan  nan
nan  nan
nan  nan
nan  nan
nan  nan
nan  nan
nan  nan
nan  nan
nan  nan
nan  nan
nan  nan
nan  nan
nan  nan
nan  nan
nan  nan
nan  nan
nan  nan
nan  nan
nan  nan
nan  nan
nan  nan
nan  nan
#File:  11 4000
167.368954927  0.637841481979
165.96194249  0.700062335197
152.726871054  1.34224537858
147.148218284  1.58989677461
139.669560226  1.92370819327
133.34419609  2.19842701114
122.753719257  2.65170522401
121.403527291  2.71215187137
119.207222413  2.78960228022
118.208045102  2.82556097716
117.206124676  2.85901406221
116.094918719  2.89807164585
115.195217812  2.93211746511
114.497676523  2.95994609992
114.127380426  2.97138189933
114.13235214  2.97327383133
113.596703768  2.99052331307
114.259495927  2.96852388644
114.431833324  2.95886847258
113.626270696  2.98766392576
113.390696494  3.00092464898
112.859678654  3.01666590838
112.912733667  3.0109465988
113.469806844  2.99621594982
113.599086761  2.9924085858
113.233644917  3.00059568412
113.141037658  3.00599716459
113.043212548  3.00557248263
113.353137986  2.99981956908
112.833935047  3.01660471044
113.202040008  3.00573853788
113.214972549  3.00054374136
113.120507921  3.00981189545
112.887710687  3.0195846794
112.706647993  3.02021688687
112.866607956  3.01065743149
112.952815779  3.00849870203
112.809808312  3.01711905574
113.460460171  2.99497207925
113.755854883  2.98916173634
113.364951627  2.99819049018
113.201398325  3.00616852087
112.69810044  3.02281312683
112.791668596  3.01978876991
112.756295793  3.02057194274
113.19423129  3.00510579662
112.959793874  3.01088611875
112.307916992  3.03976250924
112.432014826  3.03247054525
112.557482127  3.02993350263
112.374549981  3.0279307501
112.827389256  3.01758218861
112.794855436  3.01812313024
112.742154807  3.01906733827
112.561451932  3.02462657473
112.834415031  3.01446809112
112.888450767  3.01334259311
112.793304366  3.02159868388
112.36346976  3.03549070379
112.645342227  3.02513163178
112.666880231  3.01945063252
112.708445819  3.0180707005
112.826037947  3.01642512045
112.766397671  3.01784786801
112.873051933  3.01484731836
113.02077534  3.01383149193
113.022058461  3.00828106993
112.437652383  3.02957822364
112.396241907  3.03043414215
112.647448974  3.02421690393
113.127079425  3.00732343838
113.325766726  2.99955291738
113.471658424  2.99530655197
113.417082225  2.99614216809
113.25391203  3.0053744844
112.766080461  3.0203051087
112.464852783  3.02601389522
113.119015254  3.00267105157
112.917643684  3.01263063355
113.208141548  3.00570402888
nan  nan
nan  nan
nan  nan
nan  nan
nan  nan
nan  nan
nan  nan
nan  nan
nan  nan
nan  nan
nan  nan
nan  nan
nan  nan
nan  nan
nan  nan
nan  nan
nan  nan
nan  nan
nan  nan
nan  nan
nan  nan
nan  nan
nan  nan
nan  nan
nan  nan
nan  nan
nan  nan
nan  nan
nan  nan
nan  nan
nan  nan
nan  nan
nan  nan
nan  nan
nan  nan
nan  nan
nan  nan
nan  nan
nan  nan
nan  nan
nan  nan
nan  nan
nan  nan
nan  nan
nan  nan
nan  nan
nan  nan
nan  nan
nan  nan
nan  nan
nan  nan
nan  nan
nan  nan
nan  nan
nan  nan
nan  nan
nan  nan
nan  nan
nan  nan
nan  nan
nan  nan
nan  nan
nan  nan
nan  nan
nan  nan
nan  nan
nan  nan
nan  nan
nan  nan
nan  nan
nan  nan
nan  nan
nan  nan
nan  nan
nan  nan
nan  nan
nan  nan
nan  nan
nan  nan
nan  nan
#File:  11 5000
165.978368839  0.754326903039
154.817519061  1.3390631355
148.745004071  1.64024093048
147.307563503  1.69556398549
140.485235976  2.04162183247
133.722231098  2.36109743579
131.599228964  2.45404940251
126.364080807  2.70245064735
124.97687671  2.75393549337
123.468133984  2.81518003238
120.234229725  2.96117417228
119.685044017  2.9871400856
119.060835435  3.01138292405
118.41686889  3.03887808825
116.777016441  3.08664811228
117.086097374  3.08630949061
117.632013575  3.0694212306
117.78052558  3.06402016164
116.847067603  3.09431812527
117.159654638  3.08895062888
117.362136874  3.07869062908
117.19560103  3.08353413441
117.271257708  3.08204536628
117.357546841  3.07815982526
117.257177311  3.08094476086
117.239831687  3.08303157231
116.949968594  3.09395304005
117.011569744  3.09226141666
116.619325721  3.10527889794
116.977835307  3.09215625998
117.308076206  3.07712735386
117.247814794  3.08257497831
117.182994526  3.08555857399
117.389811259  3.07572689302
117.274924456  3.07905369857
117.262909091  3.08213421646
117.363927322  3.07761568013
118.096441006  3.04848590576
117.66622929  3.0642478984
117.499038957  3.07102422981
117.721765201  3.06309260432
117.513856256  3.06950536967
117.767682171  3.06283470672
117.386401805  3.07448827523
116.885810739  3.0930282597
117.192809427  3.08717378893
117.341772063  3.07650032605
117.134668565  3.08092855674
117.266989821  3.07966792866
117.269686043  3.07812880882
117.296172197  3.08366009403
117.42301104  3.07688553315
117.258021458  3.08041574753
117.428450374  3.07523883007
117.341510095  3.08185058086
116.934552003  3.09392354238
116.830406687  3.09821119232
116.985834628  3.09451099716
116.92492926  3.09293710123
117.258891878  3.08165196868
117.733651249  3.06101689442
117.578468319  3.06385030693
117.702022763  3.06338117644
117.845604842  3.05797042054
117.574061739  3.0683594778
117.593654441  3.0717086514
117.479378403  3.07291705807
117.457457296  3.07136574184
117.304567971  3.08236871061
117.077262144  3.08749464546
117.304789191  3.07869022917
116.756466965  3.09902762127
116.691550204  3.10285506568
117.161748828  3.08774548004
117.265763612  3.08187140849
116.906528714  3.09154368013
117.213556473  3.0832638263
117.117284476  3.08644857675
116.957283092  3.09247806961
117.155469999  3.08633508985
nan  nan
nan  nan
nan  nan
nan  nan
nan  nan
nan  nan
nan  nan
nan  nan
nan  nan
nan  nan
nan  nan
nan  nan
nan  nan
nan  nan
nan  nan
nan  nan
nan  nan
nan  nan
nan  nan
nan  nan
nan  nan
nan  nan
nan  nan
nan  nan
nan  nan
nan  nan
nan  nan
nan  nan
nan  nan
nan  nan
nan  nan
nan  nan
nan  nan
nan  nan
nan  nan
nan  nan
nan  nan
nan  nan
nan  nan
nan  nan
nan  nan
nan  nan
nan  nan
nan  nan
nan  nan
nan  nan
nan  nan
nan  nan
nan  nan
nan  nan
nan  nan
nan  nan
nan  nan
nan  nan
nan  nan
nan  nan
nan  nan
nan  nan
nan  nan
nan  nan
nan  nan
nan  nan
nan  nan
nan  nan
nan  nan
nan  nan
nan  nan
nan  nan
nan  nan
nan  nan
nan  nan
nan  nan
nan  nan
nan  nan
nan  nan
nan  nan
nan  nan
nan  nan
nan  nan
nan  nan
#File:  11 6500
165.126016074  0.875222426214
150.574608463  1.72188980119
149.780610256  1.76088819332
146.082927364  1.959123849
149.331938561  1.76573636315
141.060783475  2.22977188719
140.022095812  2.27546503459
138.561848865  2.35430733272
138.50015338  2.34421166248
136.034235885  2.47198375143
130.645095171  2.7608429446
131.402642351  2.69946872996
131.759274488  2.67990025778
130.372238909  2.74207654425
130.226019716  2.73294295347
124.874584427  3.0182894903
120.439228274  3.22285791433
120.847974772  3.21926051069
121.936836746  3.15652114184
118.086606111  3.31968566169
118.58696966  3.31622575867
118.030280512  3.33952109739
117.87212176  3.3527227959
116.766648378  3.39311419969
116.637119491  3.40063854478
116.063162478  3.41962699369
115.443156813  3.44680026625
115.359032053  3.45652223629
115.453985752  3.45101495077
115.32637802  3.45573608327
115.447828756  3.450248394
114.417662461  3.48531592138
114.450748502  3.48997275155
114.505455811  3.49262578344
114.399234092  3.49515761984
114.400465306  3.49746543013
114.468483138  3.4945121171
113.88145261  3.51679019997
113.197503781  3.544813513
112.982432761  3.55041783577
nan  nan
nan  nan
nan  nan
nan  nan
nan  nan
nan  nan
nan  nan
nan  nan
nan  nan
nan  nan
nan  nan
nan  nan
nan  nan
nan  nan
nan  nan
nan  nan
nan  nan
nan  nan
nan  nan
nan  nan
nan  nan
nan  nan
nan  nan
nan  nan
nan  nan
nan  nan
nan  nan
nan  nan
nan  nan
nan  nan
nan  nan
nan  nan
nan  nan
nan  nan
nan  nan
nan  nan
nan  nan
nan  nan
nan  nan
nan  nan
nan  nan
nan  nan
nan  nan
nan  nan
nan  nan
nan  nan
nan  nan
nan  nan
nan  nan
nan  nan
nan  nan
nan  nan
nan  nan
nan  nan
nan  nan
nan  nan
nan  nan
nan  nan
nan  nan
nan  nan
nan  nan
nan  nan
nan  nan
nan  nan
nan  nan
nan  nan
nan  nan
nan  nan
nan  nan
nan  nan
nan  nan
nan  nan
nan  nan
nan  nan
nan  nan
nan  nan
nan  nan
nan  nan
nan  nan
nan  nan
nan  nan
nan  nan
nan  nan
nan  nan
nan  nan
nan  nan
nan  nan
nan  nan
nan  nan
nan  nan
nan  nan
nan  nan
nan  nan
nan  nan
nan  nan
nan  nan
nan  nan
nan  nan
nan  nan
nan  nan
nan  nan
nan  nan
nan  nan
nan  nan
nan  nan
nan  nan
nan  nan
nan  nan
nan  nan
nan  nan
nan  nan
nan  nan
nan  nan
nan  nan
nan  nan
nan  nan
nan  nan
nan  nan
nan  nan
nan  nan
#File:  11 7000
nan  nan
159.055657148  1.25587535472
157.582459454  1.33936760256
157.405343835  1.3392681623
152.904469437  1.59266863313
152.176256645  1.6277405607
148.575527855  1.82948813103
141.303077787  2.2470245972
137.082535705  2.48433438
135.059699324  2.59430200559
135.1561918  2.57817779751
133.203118064  2.68443310731
130.045487272  2.8561663304
129.149242  2.88937962176
126.500804715  3.03510834288
125.948249576  3.06370428563
125.80178228  3.06929222022
124.515015763  3.1194990615
124.823810761  3.11570771099
124.704179806  3.11904661765
122.535209275  3.19484972918
123.521906335  3.17076567836
122.77780154  3.20188863199
122.566224147  3.21339948981
122.695218753  3.21186941988
122.331230753  3.22173358391
122.610576802  3.21368319266
121.963469956  3.24090395986
121.933378537  3.2435805825
121.522341738  3.26538297557
121.436373952  3.26828320529
121.540046982  3.26462725672
121.646103804  3.26000583295
121.903145503  3.24750630844
121.87140208  3.2462294906
121.927896974  3.24697587475
121.638350986  3.2551691165
121.584140327  3.25707308526
121.582032691  3.25814092475
121.237112131  3.27427050157
121.06153394  3.28560606787
120.78924154  3.29503424579
120.847306003  3.29491269439
121.093032535  3.27665252863
120.55465344  3.30154533466
120.269427439  3.31948297887
120.073912906  3.32686257785
119.548859183  3.34866414598
119.345506371  3.35600248084
119.445058527  3.3582056902
119.168908238  3.36594530192
117.985666146  3.40627163527
118.07094136  3.4080918024
118.429711019  3.4005773615
118.302251103  3.40436713396
118.2478292  3.40517355626
118.090798633  3.41698273481
118.214837905  3.40817140413
118.240960206  3.40512818676
117.808970149  3.42480438087
117.758772935  3.42899566354
117.878597966  3.42173918257
117.586494506  3.43402193058
117.118133367  3.44889330747
117.348115804  3.44686650849
117.055486364  3.45534539757
117.163389891  3.45356881928
117.220293164  3.4481702251
117.297412569  3.45201766249
117.040239837  3.45834941881
116.585465154  3.48014004306
116.877729236  3.47180645225
117.192167969  3.45334163633
117.116043565  3.45464334541
117.266982942  3.44610198883
116.957880755  3.45959328432
116.853629145  3.46610306527
117.008079172  3.46217010253
116.354663205  3.4818960973
116.577692825  3.4777431312
115.47492207  3.51107591901
116.126771792  3.50201696616
116.312880009  3.49202223438
116.08627591  3.50248255789
116.381983803  3.4918564225
116.32542528  3.49282446746
115.890622256  3.50678287873
115.894423772  3.51511434571
116.466196713  3.48158803847
116.195552771  3.49720793702
116.330677508  3.48826886566
116.118346521  3.49757064427
116.527278287  3.48568818315
116.675864941  3.47762550816
116.144502333  3.49385332843
116.384688528  3.48609919119
116.152013785  3.49945193695
116.051877087  3.49891365294
115.940474518  3.50455646419
115.831656599  3.51037545471
116.132942437  3.50003349346
115.9035193  3.50917251578
115.972542775  3.50639359882
116.030785728  3.50164628606
116.104649946  3.49790502738
116.112242548  3.49819234387
116.278825709  3.49155516812
116.541619423  3.47736068556
116.860373211  3.46857615667
116.573694382  3.48047184437
116.886695788  3.46555791276
116.733352327  3.47368803152
116.632491895  3.47609734281
116.403189244  3.48506424646
116.491553444  3.48203342213
116.41163603  3.48477259793
116.397261978  3.48667057031
116.527910648  3.48083787966
116.444090142  3.48624249688
116.118117912  3.49653392665
nan  nan
nan  nan
nan  nan
nan  nan
nan  nan
nan  nan
nan  nan
nan  nan
nan  nan
nan  nan
nan  nan
nan  nan
nan  nan
nan  nan
nan  nan
nan  nan
nan  nan
nan  nan
nan  nan
nan  nan
nan  nan
nan  nan
nan  nan
nan  nan
nan  nan
nan  nan
nan  nan
nan  nan
nan  nan
nan  nan
nan  nan
nan  nan
nan  nan
nan  nan
nan  nan
nan  nan
nan  nan
nan  nan
nan  nan
nan  nan
#File:  11 8000
nan  nan
161.885564022  1.13805297428
164.256890006  0.98414152233
154.540528727  1.58304835002
149.824591428  1.8592200987
146.990817733  2.02987617163
147.213519493  2.01284517095
143.096569274  2.25973326358
140.845845404  2.38920516638
137.674585261  2.57150522872
139.313475854  2.4716368945
139.615915092  2.43955389167
133.050070344  2.83013219079
132.862423689  2.83545360521
132.018525756  2.88563304703
131.659799562  2.89855896321
129.832165987  3.00749567517
130.760979273  2.94281147635
132.011873103  2.86033590097
127.233138667  3.14143666982
126.58944198  3.16991430072
126.624402285  3.16994030978
131.624270721  2.86138361417
124.837140749  3.24799504922
123.797298846  3.29419133526
123.088275327  3.32543457519
123.191116252  3.33287119051
123.00587244  3.34271521584
122.881430153  3.35132900529
122.488695115  3.36622576409
123.599601972  3.29740538025
121.370848193  3.4170463614
120.999021979  3.43714812216
120.793344744  3.4424448647
120.311552052  3.46540324035
120.235491703  3.4746501792
120.12157969  3.48083473469
119.398104788  3.50867686782
119.98446976  3.49085581218
119.333751372  3.51279275239
119.377182283  3.510656133
118.97465403  3.52840426096
118.151271024  3.561009791
118.128172953  3.56750669519
118.081569832  3.57189391737
117.480950927  3.58907895526
117.51576711  3.59250310946
116.989288316  3.61907303544
116.429083974  3.6374803451
116.224257596  3.6556295446
115.835962463  3.66970650799
115.49766091  3.68741522304
115.781778765  3.6772733112
115.685744401  3.68080215866
115.785354128  3.67363649938
115.583626191  3.68588884823
115.226026024  3.69850031268
115.234784302  3.69757705189
115.251371303  3.6982044679
115.216405126  3.69965605273
115.087831638  3.70600833049
115.0276101  3.70699412028
114.627190791  3.72550306551
114.761247363  3.72331491868
114.496722411  3.73229844438
114.643049211  3.72496480147
114.741741901  3.7253563872
114.807442287  3.71806552306
115.195237364  3.70222129775
115.220716465  3.69906368689
114.799107354  3.71695596777
114.786697527  3.71724856516
114.765533636  3.72029387943
114.500718938  3.72966013575
114.666688757  3.72088846456
114.310061087  3.73979638896
114.160094506  3.74862527682
114.288063816  3.74412774728
114.169493571  3.74710360137
114.300703349  3.73803188245
114.488399864  3.73180383904
114.314832119  3.74116277803
114.013362224  3.75317922172
113.986945384  3.75401129011
113.998646807  3.75797153746
113.743136874  3.76620651361
113.663505373  3.76425175686
113.623147476  3.76731351295
113.731084169  3.76680555518
113.716402629  3.76543130894
113.813346491  3.7633448556
114.169768772  3.75207018444
113.787021025  3.76912827556
114.270531389  3.74513947787
115.357212425  3.70129379503
114.831631741  3.71391929478
114.188129281  3.74418343057
114.288130897  3.74039377236
114.437758712  3.73702006299
114.007936323  3.75288020543
113.554528681  3.77365093961
113.372248224  3.77811372358
113.220757883  3.78938936855
113.531836542  3.77902653845
113.121915324  3.78926920129
114.181707668  3.7601871171
113.80455383  3.76699700732
113.614629513  3.77145769816
113.752544364  3.76669637181
113.406152232  3.77944518278
113.469998406  3.77939484368
113.700100034  3.76972535728
113.867303163  3.76041315656
113.883289727  3.76199202052
113.814436754  3.76463925622
114.27113819  3.74305127665
114.270292157  3.73963051902
114.245344141  3.74030130929
113.905169872  3.75775961152
114.506338576  3.72825910483
nan  nan
nan  nan
nan  nan
nan  nan
nan  nan
nan  nan
nan  nan
nan  nan
nan  nan
nan  nan
nan  nan
nan  nan
nan  nan
nan  nan
nan  nan
nan  nan
nan  nan
nan  nan
nan  nan
nan  nan
nan  nan
nan  nan
nan  nan
nan  nan
nan  nan
nan  nan
nan  nan
nan  nan
nan  nan
nan  nan
nan  nan
nan  nan
nan  nan
nan  nan
nan  nan
nan  nan
nan  nan
nan  nan
nan  nan
nan  nan
#File:  11 9000
174.089726435  0.388878506159
157.054851327  1.50488452447
159.210553568  1.35731578159
154.979502459  1.62887673135
151.144382711  1.87160966137
154.500524493  1.65056142352
152.82943285  1.75125802459
144.925422935  2.25800729386
144.720668132  2.26279079621
140.82427295  2.51175827224
146.258436168  2.15733219648
141.270567746  2.47071104172
137.935025123  2.67894429368
137.296588485  2.71149011167
139.72689651  2.5548119117
140.633838597  2.48495667418
135.145293275  2.82784008586
134.32651584  2.8809627175
132.686492368  2.97542004507
136.059205099  2.75997100859
138.351689858  2.59289615587
130.160668358  3.11414785803
131.365614531  3.03139256663
129.751449992  3.12846498418
131.463132543  3.01004639786
126.29322411  3.31870375746
128.937870258  3.1601955599
125.809017359  3.35050661989
125.68026502  3.35688964586
130.570753518  3.04697798528
124.749076409  3.40224552448
124.413749681  3.41722434593
124.333838332  3.42372585817
123.263080731  3.46828872755
123.144924376  3.47958787549
122.0558682  3.51883530072
124.129996759  3.41357932822
121.706534315  3.54849411802
119.497010217  3.62632214181
125.265429449  3.32680740616
nan  nan
nan  nan
nan  nan
nan  nan
nan  nan
nan  nan
nan  nan
nan  nan
nan  nan
nan  nan
nan  nan
nan  nan
nan  nan
nan  nan
nan  nan
nan  nan
nan  nan
nan  nan
nan  nan
nan  nan
nan  nan
nan  nan
nan  nan
nan  nan
nan  nan
nan  nan
nan  nan
nan  nan
nan  nan
nan  nan
nan  nan
nan  nan
nan  nan
nan  nan
nan  nan
nan  nan
nan  nan
nan  nan
nan  nan
nan  nan
nan  nan
nan  nan
nan  nan
nan  nan
nan  nan
nan  nan
nan  nan
nan  nan
nan  nan
nan  nan
nan  nan
nan  nan
nan  nan
nan  nan
nan  nan
nan  nan
nan  nan
nan  nan
nan  nan
nan  nan
nan  nan
nan  nan
nan  nan
nan  nan
nan  nan
nan  nan
nan  nan
nan  nan
nan  nan
nan  nan
nan  nan
nan  nan
nan  nan
nan  nan
nan  nan
nan  nan
nan  nan
nan  nan
nan  nan
nan  nan
nan  nan
nan  nan
nan  nan
nan  nan
nan  nan
nan  nan
nan  nan
nan  nan
nan  nan
nan  nan
nan  nan
nan  nan
nan  nan
nan  nan
nan  nan
nan  nan
nan  nan
nan  nan
nan  nan
nan  nan
nan  nan
nan  nan
nan  nan
nan  nan
nan  nan
nan  nan
nan  nan
nan  nan
nan  nan
nan  nan
nan  nan
nan  nan
nan  nan
nan  nan
nan  nan
nan  nan
nan  nan
nan  nan
nan  nan
nan  nan
#File:  11 10000
nan  nan
168.077250767  0.810749546141
155.654980705  1.6493729361
166.926449554  0.882029592949
154.97262261  1.69230848498
152.771665134  1.83615609463
148.092856019  2.14821297004
147.556993197  2.17821704268
145.441924273  2.31405975213
145.089004833  2.33331314203
143.099728266  2.4596623214
142.405403844  2.50579611958
144.2359521  2.3755392407
139.824568587  2.67120517301
142.321399731  2.49778789502
142.967049023  2.44839567433
139.056372035  2.69978009377
137.999628786  2.75751517759
137.252450333  2.81131099589
136.628313387  2.85034950066
137.662056371  2.77624974951
133.694344501  3.03078515013
135.965466314  2.87255864848
133.70962985  3.02338660246
133.882580737  3.00369785062
134.122729799  2.97974242964
132.78507799  3.06672578221
133.814474075  2.9946449858
131.414197848  3.14233516042
131.204573986  3.15211258101
130.141836817  3.21457982005
132.557635777  3.05089004251
132.698725274  3.03458865214
126.4018878  3.43532847899
129.336381814  3.24791013296
130.092722222  3.19410410831
131.92549059  3.06487129161
127.891062922  3.31350088407
121.995553027  3.63252212772
123.661237273  3.58178685478
122.563772729  3.62537833968
123.226356936  3.60033897224
120.555566101  3.69823352881
122.333268912  3.64872829604
124.048422129  3.54031052059
123.011331244  3.6016641052
121.313721787  3.69960140108
123.594222286  3.55553023937
120.560465815  3.73899461254
120.701277892  3.72123926744
118.025550121  3.83691303032
119.418532904  3.79522194057
118.277546217  3.84042981967
118.81820577  3.82813714373
118.125675093  3.85573971568
117.30859827  3.88302431463
117.103858192  3.89663045663
117.636542531  3.88069899088
116.894272249  3.9148617667
117.472508631  3.89407885006
117.20245002  3.90801053333
116.943669052  3.91366010079
116.772167326  3.92530865652
115.769497149  3.96115833895
115.703940019  3.96846166373
116.18924126  3.95604613041
115.951221655  3.96203559237
115.696327495  3.97831082615
115.72578333  3.98049876939
115.641595246  3.98014492103
114.845481905  4.00438315525
115.43273632  3.99221378572
115.597727258  3.98582749353
115.623679533  3.98260425272
115.15241304  4.00771286407
114.766908385  4.01914750433
114.857400603  4.01940567247
114.659187486  4.02860157322
114.712227674  4.02474980834
114.639579209  4.03168725157
114.695000727  4.02647714104
114.572091173  4.03129894864
114.526120677  4.03811866143
114.709390108  4.02757571339
114.364016127  4.04002011286
114.65575508  4.02857200494
114.870942559  4.02117761347
114.553149572  4.02968587833
114.09041734  4.04901557944
114.424622403  4.03862117182
113.845404405  4.05713119851
114.242912403  4.04916650552
114.004900427  4.05912869198
114.277642004  4.05308070664
114.059964734  4.05728915705
114.147369774  4.05014384587
114.083017829  4.05793735154
114.252440398  4.0523255147
114.47857337  4.04129600036
114.31342216  4.04619084466
114.305817473  4.0495310386
114.203266654  4.04749127992
113.888913555  4.06095627782
114.494276245  4.03758134416
114.176047512  4.0504781451
114.352007277  4.04616030417
113.957189723  4.06170950283
113.879986747  4.06663601961
113.812715574  4.06702596669
113.813773554  4.07163367937
113.906084256  4.06618906337
113.91589821  4.06505406904
113.941417356  4.06326598798
113.921982845  4.06653507109
113.114262602  4.11781052292
114.191423868  4.0501421584
114.073935211  4.05676927419
113.991765032  4.06753550742
113.73358974  4.0712275099
113.960047931  4.0617718195
113.852685365  4.06778828541
113.747553633  4.07392492684
113.933504402  4.06775519894
113.819250583  4.07167079942
113.832918187  4.06605315726
113.854489945  4.06843710336
113.821774827  4.07138725766
114.111811603  4.05319850451
114.042170031  4.05737546411
113.94692649  4.06401745532
114.007509665  4.06395623508
114.080959924  4.05741265177
114.088989511  4.05607814459
113.850008901  4.07045584673
113.959395017  4.06110232591
113.859732612  4.06509077844
113.894270224  4.06506995412
113.648540544  4.07627004478
113.712880865  4.07117410235
113.769747927  4.07140343386
113.775703467  4.07057704079
113.80560013  4.06905185476
113.806706886  4.07013904363
113.482857585  4.08284901824
113.926104471  4.06371536559
113.351354607  4.0866536401
113.412256798  4.0860637672
113.571331917  4.08224237608
113.706837411  4.07459332993
113.75664133  4.07291747302
113.765330497  4.07722773649
113.618267566  4.07810963767
113.464947243  4.08451314141
113.791828778  4.07242656543
113.643750579  4.07636178441
113.702561344  4.07839007713
113.906359743  4.06472449417
113.153219005  4.11572776495
114.038454252  4.05998604838
113.987134126  4.06127193828
