Contact Angle  Base Radius
#File:  0 1000
144.061094169  1.14214062789
134.410520957  1.4038530352
132.631768901  1.45620078051
132.815481932  1.44949779095
133.357665721  1.438477941
132.876553431  1.44437905121
133.617121307  1.43236850607
134.402196046  1.40828725964
134.073696595  1.42032401254
133.111687551  1.44639007087
132.211931653  1.46539581543
131.800503456  1.4780640697
133.718917089  1.4286333944
132.441390802  1.46673654229
132.260141448  1.46595652846
133.106721513  1.4465753889
134.647001457  1.40145215573
133.24627647  1.44346530689
128.810416342  1.5531294924
131.900931888  1.47271298223
133.912323633  1.42139109107
134.401920105  1.40998235382
130.618880446  1.50938815308
131.8658894  1.47160138341
134.253151657  1.41590924652
133.836094169  1.42645412108
133.348428455  1.43715068566
133.674169671  1.42671890331
134.317872228  1.41114968229
134.51333921  1.40459386361
131.00398336  1.49466557848
133.094828775  1.44230920721
135.225435979  1.38315960978
133.492974238  1.43370834208
130.225372474  1.52012385299
132.49371198  1.46042098096
132.383985494  1.45829462166
133.410212267  1.43188585369
133.951372119  1.42147044509
133.41969077  1.4332900387
132.743086571  1.44820254537
132.163672474  1.4678999682
131.731425794  1.48012582968
131.755598907  1.48106193201
132.026197466  1.47320159213
134.678600798  1.40396263255
132.54267662  1.46057504532
136.460682036  1.35617254632
133.906298004  1.42440137041
133.075238736  1.44309970202
135.233872344  1.38327175668
131.40800373  1.48871997228
136.032691228  1.3688629817
133.017494503  1.44735884904
132.305652456  1.46448124122
132.6741975  1.45400661064
134.409606545  1.40857858446
136.779511063  1.34537286934
132.433743604  1.46157015707
132.128748456  1.46746576663
131.908390468  1.47728120856
134.087134017  1.41575528416
134.446779946  1.4076795085
131.970536573  1.47256127718
132.093121864  1.47267170265
135.763959605  1.37291712356
136.695578104  1.34595845108
134.211448583  1.41526190302
133.892095691  1.42322580775
132.427482237  1.46353967414
132.666497026  1.45542107066
132.768326155  1.45155940823
132.101197859  1.47384254435
132.479783692  1.45941258606
135.629679901  1.3787464761
133.157199528  1.445230862
132.160134626  1.47384842694
133.09230355  1.44380440075
131.308232928  1.49581439806
132.357538811  1.46527861985
nan  nan
nan  nan
nan  nan
nan  nan
nan  nan
nan  nan
nan  nan
nan  nan
nan  nan
nan  nan
nan  nan
nan  nan
nan  nan
nan  nan
nan  nan
nan  nan
nan  nan
nan  nan
nan  nan
nan  nan
nan  nan
nan  nan
nan  nan
nan  nan
nan  nan
nan  nan
nan  nan
nan  nan
nan  nan
nan  nan
nan  nan
nan  nan
nan  nan
nan  nan
nan  nan
nan  nan
nan  nan
nan  nan
nan  nan
nan  nan
nan  nan
nan  nan
nan  nan
nan  nan
nan  nan
nan  nan
nan  nan
nan  nan
nan  nan
nan  nan
nan  nan
nan  nan
nan  nan
nan  nan
nan  nan
nan  nan
nan  nan
nan  nan
nan  nan
nan  nan
nan  nan
nan  nan
nan  nan
nan  nan
nan  nan
nan  nan
nan  nan
nan  nan
nan  nan
nan  nan
nan  nan
nan  nan
nan  nan
nan  nan
nan  nan
nan  nan
nan  nan
nan  nan
nan  nan
nan  nan
#File:  0 2000
161.779160825  0.751853555138
147.734276562  1.30128408226
146.962534224  1.32290163152
140.286618191  1.56888955212
139.309894929  1.60040018091
138.034256642  1.64691856943
137.484949153  1.66672043169
136.367236945  1.70168908508
136.086376569  1.712357532
135.317307144  1.73672492071
134.123627813  1.77849644514
134.227053426  1.77533498794
134.113196874  1.77971702012
133.852189577  1.79134916818
134.420258244  1.76737434169
134.160734245  1.77449754585
134.811864661  1.75439350504
134.152156586  1.77652646226
134.450806204  1.76568632498
134.771355115  1.7570690328
135.256580689  1.73769808861
135.452815761  1.7322224332
135.7253932  1.72424865027
136.256565216  1.70713285718
136.245216321  1.70700689658
135.184870459  1.74358571797
135.92816993  1.71842793836
135.438005254  1.73468776762
134.324848664  1.77309548244
134.74064132  1.7594961915
134.827425618  1.75303025211
135.408473708  1.73750206702
135.477339457  1.73360334417
135.240962601  1.74017196927
135.091091029  1.74477514191
135.9248005  1.71538194296
135.669333209  1.72360438906
135.299559602  1.73401135258
135.87461309  1.72382114546
134.792815651  1.75736895622
133.319899232  1.8058240737
134.166619959  1.77749108952
132.685813603  1.82353528084
131.976270225  1.85020875678
132.721757517  1.82375631107
133.131298108  1.80981644881
133.800865963  1.78104329925
134.473734632  1.76745231495
134.367109102  1.76621365652
136.199492589  1.70853862687
135.225206634  1.74094512977
134.88200458  1.75110367222
135.186515011  1.7396919838
134.965926872  1.74485709439
136.053896721  1.71243691019
135.827612725  1.72129116382
135.241942298  1.74006360216
133.850336494  1.7856107334
134.63754971  1.761476587
135.985343101  1.71602464286
136.04900233  1.71259275262
136.179485243  1.70898919975
136.185942238  1.70673711642
136.635972859  1.69364001804
136.717234597  1.68905263923
136.004556264  1.71612438113
135.496051016  1.73275143739
135.789359142  1.72015496452
135.30873064  1.7404153958
135.011345049  1.75098347953
135.094043938  1.74439200244
135.228031813  1.74074309856
134.816803217  1.75366023552
135.303837863  1.73763899752
135.986697007  1.71605532579
134.664486819  1.76195213674
135.154311407  1.74331027589
135.237278192  1.73893790747
135.198194622  1.73978042469
135.736091487  1.72610554127
nan  nan
nan  nan
nan  nan
nan  nan
nan  nan
nan  nan
nan  nan
nan  nan
nan  nan
nan  nan
nan  nan
nan  nan
nan  nan
nan  nan
nan  nan
nan  nan
nan  nan
nan  nan
nan  nan
nan  nan
nan  nan
nan  nan
nan  nan
nan  nan
nan  nan
nan  nan
nan  nan
nan  nan
nan  nan
nan  nan
nan  nan
nan  nan
nan  nan
nan  nan
nan  nan
nan  nan
nan  nan
nan  nan
nan  nan
nan  nan
nan  nan
nan  nan
nan  nan
nan  nan
nan  nan
nan  nan
nan  nan
nan  nan
nan  nan
nan  nan
nan  nan
nan  nan
nan  nan
nan  nan
nan  nan
nan  nan
nan  nan
nan  nan
nan  nan
nan  nan
nan  nan
nan  nan
nan  nan
nan  nan
nan  nan
nan  nan
nan  nan
nan  nan
nan  nan
nan  nan
nan  nan
nan  nan
nan  nan
nan  nan
nan  nan
nan  nan
nan  nan
nan  nan
nan  nan
nan  nan
#File:  0 3000
161.446393372  0.865925866996
155.382460838  1.14089838018
149.256288725  1.41274132602
145.382545668  1.57526831321
143.244020808  1.6613888474
142.026528221  1.71145384871
140.743437915  1.76029294709
139.723434071  1.8010559132
138.961467662  1.83238844209
138.786712852  1.83727268924
138.618009098  1.84660890213
137.441223771  1.89168931943
137.059532534  1.9068113199
136.490810655  1.92433558511
136.6020161  1.92159247702
136.738179359  1.91666045256
137.365370282  1.89663326006
136.773532848  1.91489411581
136.180086875  1.93709587683
135.878815096  1.94902075097
134.451287874  1.99225942747
135.697841381  1.95490850755
135.526934903  1.96415384409
135.642808627  1.95798646018
135.812245263  1.95216666596
136.01686815  1.94744405252
136.360171831  1.93326855005
136.228441931  1.93451940239
135.591132387  1.95899676555
135.461345841  1.96686555276
135.496111179  1.96657475057
135.697429633  1.95719352336
135.961813067  1.94616229841
137.384423149  1.89284290789
137.248656355  1.8967847662
137.016663574  1.90453097331
136.561329515  1.92556958476
135.68069266  1.95560989221
135.568733962  1.9616838821
135.546266421  1.96387968139
135.639515797  1.95953256045
135.998434536  1.94606119963
136.373919866  1.92966827281
136.28558326  1.93540349279
135.83732738  1.95129934193
135.704387751  1.95431110527
135.984922089  1.94535155246
135.824787061  1.95080476579
136.214853345  1.93754340086
136.011789075  1.94601910346
136.36168283  1.93005384222
135.996054832  1.94677982625
135.40883267  1.96682365614
135.465029261  1.96414657689
136.233435254  1.93566613703
136.481425642  1.92957939757
136.402515976  1.9269891974
136.696318492  1.91873116904
137.168306592  1.89967467194
136.985237468  1.90702536303
136.802618661  1.91194804558
137.096502616  1.90312027737
137.291257053  1.8952639201
136.885915649  1.91200149625
137.079517146  1.90449847258
135.913077561  1.94757454121
135.615483145  1.96292254543
135.765457908  1.95493673816
135.414570301  1.96891106738
135.225514913  1.97581124708
136.158280048  1.94172876569
136.127450275  1.94043757658
136.453817564  1.92415046316
136.608764509  1.92051469884
136.663501084  1.92144988878
136.358380161  1.93114520724
136.054888136  1.94432328566
135.692934561  1.95955040406
135.489971627  1.96161690524
nan  nan
nan  nan
nan  nan
nan  nan
nan  nan
nan  nan
nan  nan
nan  nan
nan  nan
nan  nan
nan  nan
nan  nan
nan  nan
nan  nan
nan  nan
nan  nan
nan  nan
nan  nan
nan  nan
nan  nan
nan  nan
nan  nan
nan  nan
nan  nan
nan  nan
nan  nan
nan  nan
nan  nan
nan  nan
nan  nan
nan  nan
nan  nan
nan  nan
nan  nan
nan  nan
nan  nan
nan  nan
nan  nan
nan  nan
nan  nan
nan  nan
nan  nan
nan  nan
nan  nan
nan  nan
nan  nan
nan  nan
nan  nan
nan  nan
nan  nan
nan  nan
nan  nan
nan  nan
nan  nan
nan  nan
nan  nan
nan  nan
nan  nan
nan  nan
nan  nan
nan  nan
nan  nan
nan  nan
nan  nan
nan  nan
nan  nan
nan  nan
nan  nan
nan  nan
nan  nan
nan  nan
nan  nan
nan  nan
nan  nan
nan  nan
nan  nan
nan  nan
nan  nan
nan  nan
nan  nan
nan  nan
#File:  0 4000
166.188928751  0.711399877827
160.284946019  1.00700998348
153.276633521  1.35926191964
153.673255234  1.33517310775
149.281669273  1.55123750233
147.51036719  1.63471984355
145.410479869  1.73992163066
142.751252385  1.84711129865
143.055067358  1.84513259781
142.533103446  1.86710814071
142.14461657  1.88599938284
141.150922826  1.92681742444
140.33664499  1.96198076061
140.264042402  1.96580001516
139.800423664  1.98707928672
139.471957527  2.00117386137
138.851085803  2.02382814808
138.921373928  2.02286738915
138.511254333  2.04445128281
138.255674059  2.05452388563
138.232898292  2.05431358842
138.10276198  2.06024269016
137.628829969  2.08039337258
137.687292686  2.07613705067
137.789811195  2.07394584315
137.380495249  2.09006839951
137.232348533  2.10038564491
136.896547822  2.10910592307
137.323831255  2.09653325736
136.798798998  2.11561342719
136.800652028  2.11439795619
136.528032754  2.12843937616
136.229959989  2.14091666141
136.121653358  2.14323299361
135.882576422  2.15632790009
135.48693629  2.17055859827
135.149646556  2.18530563662
134.963468418  2.19362774541
135.098614034  2.18153173223
135.583502889  2.16533106676
136.310324683  2.13509627589
136.570881428  2.12416638703
137.059785505  2.10611349685
136.957701257  2.10792815941
136.781989353  2.11471528236
137.1279269  2.09993939288
136.848291434  2.11207106281
136.751388383  2.11308719723
136.990967969  2.10749809812
137.119551631  2.10367849095
137.255219528  2.09629494753
137.174793829  2.09787947781
137.467086557  2.08532054139
137.179614401  2.09858016992
137.317736774  2.09310006865
137.493329092  2.08477436535
137.119333687  2.10314197061
137.205411151  2.09838081662
137.115199093  2.1018842872
136.819839225  2.11199634208
136.240437848  2.13471489053
136.406619727  2.12956464721
136.511673142  2.12883569076
136.434366175  2.13111131021
136.73045306  2.12238445421
136.647716358  2.12212685754
136.705653936  2.12045228252
137.105655886  2.10225106813
137.016927792  2.10709036654
137.365903027  2.0924145929
136.892206386  2.1118939837
136.792008298  2.11427612603
136.460391131  2.1296187765
136.338193448  2.13292252242
136.33840907  2.13253748449
136.284670024  2.13882320109
nan  nan
nan  nan
nan  nan
nan  nan
nan  nan
nan  nan
nan  nan
nan  nan
nan  nan
nan  nan
nan  nan
nan  nan
nan  nan
nan  nan
nan  nan
nan  nan
nan  nan
nan  nan
nan  nan
nan  nan
nan  nan
nan  nan
nan  nan
nan  nan
nan  nan
nan  nan
nan  nan
nan  nan
nan  nan
nan  nan
nan  nan
nan  nan
nan  nan
nan  nan
nan  nan
nan  nan
nan  nan
nan  nan
nan  nan
nan  nan
nan  nan
nan  nan
nan  nan
nan  nan
nan  nan
nan  nan
nan  nan
nan  nan
nan  nan
nan  nan
nan  nan
nan  nan
nan  nan
nan  nan
nan  nan
nan  nan
nan  nan
nan  nan
nan  nan
nan  nan
nan  nan
nan  nan
nan  nan
nan  nan
nan  nan
nan  nan
nan  nan
nan  nan
nan  nan
nan  nan
nan  nan
nan  nan
nan  nan
nan  nan
nan  nan
nan  nan
nan  nan
nan  nan
nan  nan
nan  nan
nan  nan
nan  nan
nan  nan
nan  nan
#File:  0 5000
153.840585322  1.43270742008
151.321590044  1.56515439187
149.208265248  1.67628770062
148.630318192  1.70644253402
146.18591971  1.83358264257
145.551635061  1.86417261761
144.826227804  1.89504193339
143.931020685  1.93847877485
143.886702121  1.9431519944
143.04574695  1.98139687639
141.855120114  2.0362701801
141.984354423  2.0340666725
141.80581186  2.04198938746
141.198375531  2.07270918817
140.619933919  2.10040795049
139.685936138  2.13665751496
139.839065744  2.13603516689
139.692475431  2.14345995857
138.969106975  2.1705205204
139.471610965  2.15185344687
138.985006921  2.17464755368
138.217772954  2.20594871982
139.063438444  2.17175285129
138.384852526  2.20101610502
138.62169085  2.19144816842
138.569752528  2.19390535625
138.629210067  2.19223963693
138.075299497  2.21672024545
137.963753257  2.22050417056
137.585343948  2.23419303169
137.974471002  2.22017833003
137.800591874  2.23089206833
137.884211401  2.223358281
138.086769188  2.21672077331
138.003352484  2.22022052293
138.009965521  2.21987669722
137.87954247  2.22932338301
137.902184535  2.22425978157
138.094054247  2.21552522108
137.939542285  2.22478697559
137.944870309  2.22538082614
137.888445921  2.22594025215
137.928196681  2.22561199996
138.188147859  2.21021390754
138.030286031  2.21600210633
138.129758794  2.21236376771
138.002111492  2.22303705249
137.759305312  2.23004383281
137.584172673  2.24048357769
137.254544152  2.2532863672
137.39092173  2.24992388697
137.305988577  2.25339477174
137.463276748  2.24622613805
137.614484687  2.24111998037
137.587158163  2.23928320564
137.712717074  2.23522108637
137.457483206  2.24797701178
137.480504198  2.24506692567
137.374898616  2.24913762433
137.121652406  2.26132303492
137.217695735  2.25721714207
137.319380976  2.25184635458
137.253549582  2.257597734
137.405580763  2.24787718116
137.132334346  2.25960041816
136.689039561  2.27871801347
136.785011537  2.27592863652
136.761918542  2.2771501604
136.704712861  2.28052638713
137.324371617  2.2557621756
136.472532062  2.28848161305
136.447683426  2.29146762189
136.868559389  2.2767806163
137.036317614  2.26525200149
136.84106865  2.27320881491
137.052469438  2.26133520486
137.596500202  2.24062856961
137.368276381  2.24761912961
137.643618725  2.23756501101
137.536168819  2.24152495952
nan  nan
nan  nan
nan  nan
nan  nan
nan  nan
nan  nan
nan  nan
nan  nan
nan  nan
nan  nan
nan  nan
nan  nan
nan  nan
nan  nan
nan  nan
nan  nan
nan  nan
nan  nan
nan  nan
nan  nan
nan  nan
nan  nan
nan  nan
nan  nan
nan  nan
nan  nan
nan  nan
nan  nan
nan  nan
nan  nan
nan  nan
nan  nan
nan  nan
nan  nan
nan  nan
nan  nan
nan  nan
nan  nan
nan  nan
nan  nan
nan  nan
nan  nan
nan  nan
nan  nan
nan  nan
nan  nan
nan  nan
nan  nan
nan  nan
nan  nan
nan  nan
nan  nan
nan  nan
nan  nan
nan  nan
nan  nan
nan  nan
nan  nan
nan  nan
nan  nan
nan  nan
nan  nan
nan  nan
nan  nan
nan  nan
nan  nan
nan  nan
nan  nan
nan  nan
nan  nan
nan  nan
nan  nan
nan  nan
nan  nan
nan  nan
nan  nan
nan  nan
nan  nan
nan  nan
nan  nan
#File:  0 6500
154.114203443  1.54756966436
150.512339899  1.76032811996
149.364220899  1.82011321655
149.024504146  1.8386538824
146.914316892  1.9601981882
145.287652428  2.05247094807
145.170668855  2.06111259994
143.810305335  2.12470426094
144.4626822  2.09882764755
144.689124464  2.08313137815
144.595812702  2.08127261327
143.006519271  2.1708241172
144.637394202  2.08080240635
143.077138347  2.17121453829
143.446191422  2.14671269907
142.211319355  2.21554457652
142.378316689  2.20095686404
142.350732577  2.20593110966
141.514344913  2.2526186512
140.266123909  2.30460080611
140.269648736  2.30493040658
140.863707533  2.28416358527
140.817259789  2.28969418272
140.484863755  2.30183154236
140.616636254  2.29761651896
140.495437123  2.30601127234
140.158146225  2.32355207074
140.251775429  2.32027074105
139.929717098  2.33317665785
139.494448596  2.35488759011
138.986768053  2.37449900717
139.47268222  2.3562070875
139.168085628  2.37121865793
139.142894382  2.37382442728
138.933344181  2.38543489262
138.919142717  2.38422610553
138.627096606  2.39984377588
138.625860163  2.40006363751
138.487371064  2.40608740813
138.049381463  2.42544696022
138.244566689  2.41787475097
138.241273235  2.41843165923
138.252391997  2.4157906282
138.387774926  2.41271564867
138.19292762  2.42010234612
138.184928182  2.42016790396
138.231081203  2.42157414852
137.945756626  2.43099493817
138.07102313  2.42802225011
137.705280932  2.44277812956
138.06225518  2.42956107731
137.766505782  2.44225419678
137.831166824  2.4380525602
137.841767874  2.43782983365
137.88976904  2.43745077725
137.754776445  2.44284749039
137.521419233  2.45646732822
137.470757561  2.45640033369
137.641498328  2.45130469343
137.81589306  2.44088566809
138.20119697  2.4319264147
137.484227386  2.4567511863
137.842948418  2.44030623584
137.630229862  2.44826873329
137.645242499  2.44762316307
137.79103836  2.44086038309
137.652962811  2.44923141641
137.686309407  2.44736058676
137.546577108  2.45427516825
137.72891377  2.44580255585
137.3910074  2.4628295683
137.488478821  2.45638393441
136.740283881  2.48700380233
137.474265378  2.45777432969
137.500837359  2.4558532449
137.011966336  2.47895455471
137.007197521  2.47879216302
137.280893017  2.46666878936
137.156979594  2.47104034084
137.278391405  2.4672805794
137.259085178  2.46724687651
137.059578185  2.47913838936
137.234351414  2.46870282281
137.226689111  2.46940067246
137.340136411  2.46519697162
137.473775938  2.45948229295
137.396353276  2.46319890108
137.633053003  2.45099368033
137.632265113  2.44735838008
137.568736962  2.45204608395
137.539876874  2.4549442152
137.632009716  2.4506102871
137.905190751  2.43667674432
137.241218944  2.46984353367
137.465046427  2.46062771962
137.431709627  2.4588134858
137.240127205  2.46884151704
137.035305589  2.47978451898
136.988891089  2.48062331257
137.322002565  2.46721921392
137.300104216  2.46718118442
137.433972375  2.46097351574
137.412368769  2.4567377299
137.511672348  2.45714464927
137.534262494  2.45545282105
137.07780332  2.47383909606
136.645924517  2.49382957152
137.329082981  2.46387359877
137.370543532  2.46482609447
137.040925262  2.47738212537
137.245277767  2.46876627968
136.766924019  2.48788534921
137.031847045  2.47893992281
137.097360376  2.47685212529
136.948120387  2.47895833046
137.173580738  2.47475749488
137.105854611  2.47488390882
137.200726772  2.47248085321
137.212839714  2.47127784423
136.66553688  2.49563390928
nan  nan
nan  nan
nan  nan
nan  nan
nan  nan
nan  nan
nan  nan
nan  nan
nan  nan
nan  nan
nan  nan
nan  nan
nan  nan
nan  nan
nan  nan
nan  nan
nan  nan
nan  nan
nan  nan
nan  nan
nan  nan
nan  nan
nan  nan
nan  nan
nan  nan
nan  nan
nan  nan
nan  nan
nan  nan
nan  nan
nan  nan
nan  nan
nan  nan
nan  nan
nan  nan
nan  nan
nan  nan
nan  nan
nan  nan
nan  nan
#File:  0 7000
157.012807115  1.41228905148
157.221759433  1.39382056197
153.573166974  1.61835887571
152.57177553  1.67701850476
148.790853903  1.90322821309
149.152042643  1.87984708975
150.544274888  1.79313108083
148.827189894  1.89688172462
150.198614559  1.81054274921
149.117776588  1.8723153644
143.537773621  2.17017749221
144.248075977  2.14237999089
143.406197667  2.18242259582
144.623642853  2.13436681767
144.20507528  2.15679759297
144.169176854  2.15952790153
143.648820354  2.18208834817
143.45886527  2.19738961788
143.24598695  2.20881560251
143.05942043  2.21906114201
142.890141024  2.22800634956
142.844670505  2.23174061413
142.312184438  2.25910002884
141.900918533  2.28165655296
141.864473831  2.28287135783
141.604331539  2.30023394638
141.16884941  2.32060813191
141.117571465  2.32244549762
140.8725768  2.33417464768
140.77201681  2.34022651118
140.76744343  2.34223459565
139.40175208  2.39643182176
140.486961386  2.35504848411
140.393870695  2.35998450168
140.255873912  2.36952015801
140.303161962  2.36571949439
140.109827198  2.37419627515
140.056275235  2.37962311656
139.282651792  2.41282412172
138.907328479  2.42353059541
139.812090806  2.38982081671
139.778700362  2.3950324196
139.130536704  2.42056760148
139.672969286  2.39628533122
139.357474257  2.41462354225
139.387667569  2.4144316217
139.452628569  2.41122779364
139.338240155  2.41689942529
139.262486488  2.41803748008
139.037756015  2.43350933579
139.117563869  2.42714250787
138.74797468  2.44691618542
138.678999387  2.44983999787
138.697087123  2.44591011885
138.732319692  2.44928305444
138.487910961  2.46021625026
138.481005982  2.45946279494
138.499557633  2.45842409138
138.759218101  2.44714978021
138.583783302  2.45378263775
138.540687653  2.45653415996
138.609724952  2.45622313732
138.334556934  2.46590874687
138.265364039  2.46905934435
138.50984087  2.45834736647
138.373941604  2.469318133
138.171007571  2.47541051234
137.869538655  2.49096444639
137.343393282  2.51179969495
138.622428299  2.45677323804
137.610391694  2.50038250738
138.013775432  2.48116393893
138.281207419  2.47013308011
138.054396347  2.48248841799
138.334974905  2.46858990249
138.572128526  2.456412492
138.144469336  2.47520691435
138.173257793  2.47584780304
137.678455639  2.50003473317
137.355138068  2.51231504084
138.116282985  2.48512663228
137.611797769  2.50469109834
137.704038564  2.49972141327
138.002805116  2.48439366993
137.84052029  2.49311253683
138.069617858  2.48281582744
137.608847836  2.50243785004
137.537331607  2.50859238573
137.451819866  2.51026342713
137.780225142  2.49666283349
137.760393024  2.49561352518
137.671899966  2.50224154306
137.649340148  2.50585951007
137.675182052  2.50261784716
137.670274908  2.50154335444
137.710734623  2.50070211145
137.904188734  2.49189790261
137.723046878  2.49972048764
137.921519376  2.4911663554
137.950077257  2.49072071873
137.702175982  2.50118471214
137.681307566  2.50140701578
137.831429773  2.494757921
137.884699627  2.49259189103
137.589939276  2.50792710091
137.36832043  2.51362638724
137.514301813  2.51020983724
137.387175791  2.51814909229
137.288209597  2.5228379315
137.176218352  2.5261046017
137.218680114  2.5262921271
137.474777673  2.51207583503
137.416514015  2.51621404341
137.185715171  2.52617134063
137.464123314  2.51455990358
137.056045144  2.53393452824
137.348645513  2.51850548769
137.440663229  2.51416093414
137.282160693  2.5220631369
137.316440453  2.52009834174
nan  nan
nan  nan
nan  nan
nan  nan
nan  nan
nan  nan
nan  nan
nan  nan
nan  nan
nan  nan
nan  nan
nan  nan
nan  nan
nan  nan
nan  nan
nan  nan
nan  nan
nan  nan
nan  nan
nan  nan
nan  nan
nan  nan
nan  nan
nan  nan
nan  nan
nan  nan
nan  nan
nan  nan
nan  nan
nan  nan
nan  nan
nan  nan
nan  nan
nan  nan
nan  nan
nan  nan
nan  nan
nan  nan
nan  nan
nan  nan
#File:  0 8000
153.73980742  1.68045740667
152.011709056  1.7864404661
151.149860582  1.83763950126
152.36660489  1.76077677405
150.981494314  1.84670285703
148.382103177  2.01143697351
148.929940195  1.97330888234
149.626264435  1.92959060492
148.456978791  1.99804259756
145.859153142  2.1616387308
147.255234756  2.07598201925
148.522889876  1.99200678427
146.964579422  2.09001435575
145.459898615  2.18115355596
144.421533092  2.24473141073
143.162363531  2.3022974512
143.744325967  2.28120566419
143.599389575  2.28811714732
143.520532558  2.29530335809
142.218334468  2.35939181091
142.840597632  2.33180703747
142.180479755  2.36838121486
142.553472411  2.35116845348
147.053960415  2.0637949754
141.93478004  2.38251239575
141.653450861  2.39899354551
141.639742963  2.39721865601
141.421342958  2.40930379762
140.82639512  2.44332963139
140.984855816  2.43630446905
140.890597039  2.44140276262
140.494801766  2.45968461714
140.225297538  2.47057844224
140.504235966  2.46141465719
140.20159805  2.47721793991
140.331556587  2.47016477313
140.116349652  2.48338218036
140.067590302  2.48548795031
139.748715643  2.50433780394
139.591207356  2.50930034581
139.66894729  2.50698198821
139.612403269  2.51146223386
139.030608931  2.53730992305
139.418760644  2.52235233936
139.242371746  2.52972850502
139.062116073  2.53980216779
139.104347443  2.53774872447
138.896823398  2.54925810907
138.865321339  2.55050176824
138.887006852  2.54939054897
138.701187774  2.55925181292
138.572059477  2.56521589609
138.574099107  2.56459823213
138.743062953  2.55773657893
138.698239868  2.56042054254
138.709910939  2.55952315862
138.658844597  2.56246661261
138.51680527  2.56801599991
138.576387359  2.5681277187
138.516232552  2.57253625997
137.769677433  2.60587570682
138.231747576  2.58546977358
138.260589985  2.5852531748
138.173786675  2.58822900662
138.380455955  2.57783479737
138.198440266  2.58745498578
137.666752888  2.61145004201
137.872246483  2.60055781833
137.967766438  2.59706212303
137.937052325  2.59989598096
137.8605972  2.60521193831
138.077561456  2.59382411388
138.163023979  2.58849926485
137.996869057  2.59666418228
137.992407676  2.59910516851
137.949890338  2.59966565584
137.79508232  2.61048902494
137.045378253  2.63777571953
138.010631531  2.59634192015
138.095280068  2.59204921531
138.0075009  2.59634743766
138.109532222  2.59345819182
138.087264866  2.59379383681
137.88358166  2.6034977396
137.791091869  2.60872395647
138.169819285  2.59108344272
137.473269785  2.62153958604
137.997898012  2.59730991053
137.85337402  2.60603370187
137.640920108  2.61571004318
137.733300865  2.61363102694
137.831387829  2.60546017374
137.68011217  2.61465279108
137.576426381  2.62157060503
137.667561879  2.61800358567
137.376991503  2.62993834954
137.599665107  2.62132079017
137.458903251  2.62811312856
137.471023073  2.62502161101
137.473645588  2.62449088387
137.424206812  2.62747911484
136.997269031  2.64510720108
137.758701614  2.60982649116
137.65614543  2.61836916983
137.433987526  2.62765787982
137.592637133  2.618746278
137.349885121  2.63146490449
137.396685523  2.63002297774
137.283685233  2.63487735031
137.222851335  2.6359585237
137.349176728  2.63454384248
137.407823835  2.63040522937
137.247408504  2.63715632331
137.186808392  2.64182067443
137.363051741  2.6307334329
137.579745929  2.62164590883
137.353307821  2.63414021922
137.184407487  2.63999572199
137.018211496  2.64809271369
137.058430917  2.64621795038
nan  nan
nan  nan
nan  nan
nan  nan
nan  nan
nan  nan
nan  nan
nan  nan
nan  nan
nan  nan
nan  nan
nan  nan
nan  nan
nan  nan
nan  nan
nan  nan
nan  nan
nan  nan
nan  nan
nan  nan
nan  nan
nan  nan
nan  nan
nan  nan
nan  nan
nan  nan
nan  nan
nan  nan
nan  nan
nan  nan
nan  nan
nan  nan
nan  nan
nan  nan
nan  nan
nan  nan
nan  nan
nan  nan
nan  nan
nan  nan
#File:  0 9000
152.316841938  1.84142519121
148.79064517  2.07213164563
149.58203529  2.02025814393
147.839084258  2.13193127032
149.290980719  2.03408374414
146.578730558  2.21347623681
148.370797054  2.09317664656
147.851911247  2.12093578217
150.422323063  1.95670076444
145.997376748  2.24638572106
149.143035912  2.03676638367
146.024289861  2.24080499495
145.231201594  2.29168380927
148.235792655  2.0942749652
145.387315595  2.27899852486
144.285751524  2.34757170165
145.351848278  2.27646691221
145.015692448  2.30172726218
143.436554595  2.39584250506
143.417578544  2.3981079333
143.559325737  2.38846132
143.341007791  2.40390171269
142.08085796  2.46480791193
143.070771847  2.41774718655
144.427882045  2.33131538734
142.676000317  2.44127977449
142.561385521  2.44831810867
142.298592957  2.46528397669
144.161181276  2.34563211407
142.17443055  2.47187483777
142.128269437  2.47589377604
141.81018801  2.49200574451
141.269969622  2.51865566032
141.545044877  2.50673147685
141.171759153  2.52674714581
141.241814094  2.52534148341
141.312317192  2.52303262754
140.625681445  2.55185933822
141.360637888  2.51858092434
141.176926718  2.53083265694
141.108369831  2.5344834145
140.980665106  2.53995216724
140.884079254  2.54668240513
140.665933692  2.55905281005
140.640741649  2.56014853774
140.447143947  2.57061815915
140.405695997  2.57276379892
140.063611001  2.59395665391
139.862361357  2.60250554987
139.803049161  2.60624379038
139.50544333  2.6230448508
139.686265266  2.61483271892
139.58326875  2.61765933398
139.742691187  2.61102874677
139.312464256  2.63343243301
138.809832528  2.6537384617
139.56865435  2.62162299961
139.618213074  2.62008428066
139.495486968  2.62473745264
139.40417329  2.62934021091
139.369701651  2.63251325422
139.307016119  2.63403481146
139.376254977  2.63114284783
139.230991135  2.64143236667
139.179415834  2.64204824408
138.949947612  2.65753393026
138.413504699  2.68108452616
138.314256979  2.68415967785
138.754503754  2.66759922115
138.795613099  2.66413471017
138.640394536  2.67439626027
138.69017494  2.67214320584
138.53898351  2.68037666635
138.656245247  2.67311296987
138.508064882  2.68059227813
138.056147121  2.70032404252
138.426095423  2.6835903631
138.405484158  2.6856133863
138.573548743  2.67643039238
138.505483786  2.68197909
138.448243562  2.685722711
138.088524603  2.70002582369
137.588533691  2.72389276771
138.398493087  2.68554503848
138.531544996  2.67971245831
138.490901534  2.6816255707
138.616139866  2.67623590176
138.589197545  2.68032853743
138.369817212  2.68868037599
138.420611593  2.68850767012
138.388787385  2.68631029924
138.400892649  2.68804725588
138.296158376  2.68999066117
138.903612933  2.66243854149
138.619006646  2.67562454691
138.396234334  2.68669272116
138.307854824  2.6950761099
138.116836665  2.70478050153
137.993309125  2.71089357023
138.155317091  2.69866789237
138.052810139  2.70458068149
137.822719578  2.71472372284
137.936457467  2.70998823069
138.288916722  2.69298125948
138.193670921  2.69899975683
138.310190308  2.6901866473
137.628475928  2.72501470961
138.153510651  2.70105689047
137.892961654  2.71457854177
137.909862957  2.71455088174
137.950495164  2.7109424775
137.447264729  2.73440054611
137.855558797  2.71615261513
137.712763197  2.72269770642
137.647248117  2.72764096549
137.869638318  2.71749026107
138.034574313  2.70780224036
137.848204357  2.71823122371
137.93814774  2.71225030736
138.026240778  2.71033858668
nan  nan
nan  nan
nan  nan
nan  nan
nan  nan
nan  nan
nan  nan
nan  nan
nan  nan
nan  nan
nan  nan
nan  nan
nan  nan
nan  nan
nan  nan
nan  nan
nan  nan
nan  nan
nan  nan
nan  nan
nan  nan
nan  nan
nan  nan
nan  nan
nan  nan
nan  nan
nan  nan
nan  nan
nan  nan
nan  nan
nan  nan
nan  nan
nan  nan
nan  nan
nan  nan
nan  nan
nan  nan
nan  nan
nan  nan
nan  nan
#File:  0 10000
153.955040387  1.79830115385
150.262151001  2.05158775741
148.373907478  2.17598450432
150.601475773  2.02356055149
150.648645115  2.0202785498
148.933110848  2.13588256782
150.166847082  2.04752657615
148.117091294  2.18743219115
147.969016638  2.1960496542
147.576262355  2.22353737223
146.860002652  2.27026010852
145.672990931  2.34518417149
149.489116822  2.08724197677
149.049118901  2.11687535636
148.313700713  2.1658646113
145.266343282  2.37306738932
146.57214316  2.28280191156
146.609255427  2.27219079445
146.744360611  2.26736025055
143.544756511  2.46860063441
145.622853336  2.34341538221
145.168896391  2.36918332335
143.923047893  2.45281672235
143.78483202  2.45371080935
143.915400102  2.45467663318
145.353141508  2.35706905551
145.047134157  2.37617658974
143.648761821  2.47065401451
143.309269514  2.49084498716
143.234328971  2.4977868247
142.968548075  2.5124339096
142.743663635  2.52606757142
145.510784998  2.33987081543
142.587280207  2.53474123792
142.471235192  2.54395021244
142.285108556  2.55271968802
142.085640241  2.5618050379
142.003493354  2.56948837705
141.767801899  2.57886654384
141.773628982  2.58226872832
141.418593305  2.5999892885
141.185613496  2.61179123953
142.742144022  2.51673893316
142.445432577  2.53580808974
141.476825524  2.60175140703
141.407456055  2.60501683777
141.513036781  2.59904985481
141.206449768  2.61710250291
141.148200613  2.62026835499
140.950636123  2.63180707416
140.615349292  2.65015269696
140.675333494  2.64709514062
140.509019968  2.65982268504
140.741788717  2.64563938868
140.603618462  2.65325968848
140.451057237  2.66278371469
140.363054382  2.66708647668
140.532625874  2.65705847293
140.437770011  2.66425806607
140.351571867  2.66859856328
140.22737087  2.67546110733
140.051954306  2.68642023754
140.071515799  2.68483015443
140.101589768  2.68359232704
139.948622137  2.69244778442
139.906129698  2.69499128118
139.644636257  2.70932878469
139.614443119  2.71150596341
139.788968721  2.70169419553
139.634329578  2.70869027754
139.745210842  2.70699851769
139.627522698  2.7114301017
139.415675923  2.72196720642
138.598690104  2.76016604233
139.354696119  2.72736164283
139.194931852  2.73547326159
139.04932541  2.74475851813
138.97383631  2.74804483543
139.110846297  2.74056947528
139.025787952  2.74811711263
139.482514891  2.72711033243
139.005621014  2.74917897473
138.761069462  2.76078764555
138.852478938  2.75570412795
138.692782123  2.76475759961
138.622846943  2.76930137966
138.631511369  2.76824265933
138.537490161  2.77344307114
138.151914941  2.78845782841
138.367636496  2.77946486041
138.289580318  2.78547761253
138.557929383  2.77225656931
138.624428318  2.77074196107
138.812860341  2.76134046199
138.697984118  2.76664223916
138.519256037  2.77505308124
138.34879709  2.78484566591
138.414800945  2.78244351832
138.659617984  2.76589039415
138.48239088  2.77876417124
138.374523424  2.7834770973
138.570121917  2.77252858552
138.423591805  2.78275769611
138.461139707  2.77920658643
138.369789957  2.78338396633
138.328985681  2.78452432999
138.510345387  2.77544954076
138.344498287  2.78644553468
137.892405388  2.80889414809
138.224967747  2.79291653924
138.309938744  2.79047446938
138.331890405  2.78844294519
138.318346346  2.78680230289
138.214195475  2.79218280814
138.193204994  2.79247694267
138.131007787  2.79712711241
138.158261348  2.79684034101
138.202068782  2.79385947756
138.13752328  2.79721928093
138.233182269  2.78940259077
138.397426799  2.78447705071
138.256912745  2.7900781915
137.962481917  2.80664147098
137.971312039  2.80450379832
138.162200577  2.79719631951
138.099818922  2.79912804026
138.198753679  2.79140216555
138.168559459  2.7953814067
138.214547113  2.79252287261
138.255210327  2.78993691272
138.246418392  2.79122144352
138.427308396  2.78456309577
138.513880526  2.77642510993
138.303356144  2.79052031655
138.392846003  2.78279797367
138.61758267  2.77467749488
138.302543755  2.7872488992
138.259517239  2.7894609261
138.125039699  2.7985995439
138.122756139  2.79868048181
137.904646901  2.81058541539
137.999669294  2.80530503211
138.129575933  2.79828343849
138.137214432  2.79733204554
138.122661073  2.79917563025
138.253376738  2.79070982285
138.349081834  2.78765951427
138.182827148  2.79482420623
137.94351516  2.81008905918
138.225161826  2.79215323567
138.260358466  2.79013427466
138.395004017  2.7837432864
138.030267745  2.80426317402
138.025378187  2.80281788252
138.120092197  2.79937491651
137.955566076  2.8055269181
138.029437598  2.80231392909
138.004366307  2.80527088302
137.967424396  2.80906000012
137.936832717  2.80997714238
