Contact Angle  Base Radius
#File:  5 1000
145.485819096  1.11084969253
136.926641246  1.35375379691
135.62989319  1.38787152919
127.595073782  1.60024696432
128.7186293  1.56891478137
130.492802981  1.52468684253
129.9936545  1.54341397971
132.460663924  1.47225932111
135.482832375  1.394281091
134.866022585  1.40818932625
135.370162242  1.39643990663
134.345553529  1.42087993533
133.719930804  1.44050573439
133.289829861  1.45296993406
133.705824927  1.44170022051
135.462304894  1.39298500558
133.280522745  1.45212584717
133.574432769  1.44032461653
133.652330275  1.43964924965
135.278976378  1.39810208931
135.248882687  1.39952124284
134.765589426  1.41189880344
134.301511313  1.4243850264
136.2890982  1.3707622437
134.276430809  1.42409175624
133.201182996  1.45388204273
133.252144037  1.4525153314
133.326108023  1.44877371124
133.380914855  1.44650084367
133.202203264  1.45287820749
134.694526489  1.41505212316
132.20101663  1.48027536195
133.804578089  1.43618069643
134.626960557  1.4144985564
135.732874602  1.38521193375
132.629815596  1.46789077429
134.851960921  1.40999831535
132.623681392  1.46603965834
135.127132203  1.40093823144
132.029848006  1.48827350601
135.274774224  1.39916990833
134.522620343  1.42039869382
134.200072063  1.42553158339
133.484080759  1.44967117571
134.124949568  1.42595621068
134.228200324  1.42666904695
132.390968772  1.46982126538
133.196575104  1.45301872736
132.542799196  1.46843101919
134.102628619  1.42789445566
134.725797641  1.41311215145
132.758346698  1.46380763868
133.271322417  1.45588100065
134.039274469  1.42992677175
136.389886975  1.36178641014
134.852461268  1.40672843268
133.36196882  1.44786578281
135.454426837  1.38950589216
131.870814818  1.49147528475
133.696318768  1.43985407208
133.894778592  1.43399994312
134.275771604  1.42013761857
134.992638601  1.40891572241
135.200417307  1.39828586043
133.328609552  1.44734957329
134.478609697  1.41903010743
134.507338095  1.4184807376
136.207085543  1.36921318056
132.990493686  1.45701261994
132.861238569  1.45713552018
133.465134237  1.44447996503
134.138582451  1.42619868446
133.587191296  1.44488476043
133.880305471  1.42549346383
134.382182052  1.41544745757
132.700809764  1.46771219687
134.09936035  1.42520516095
135.177298976  1.39474032749
132.955079326  1.4571039524
133.701768237  1.43813539387
nan  nan
nan  nan
nan  nan
nan  nan
nan  nan
nan  nan
nan  nan
nan  nan
nan  nan
nan  nan
nan  nan
nan  nan
nan  nan
nan  nan
nan  nan
nan  nan
nan  nan
nan  nan
nan  nan
nan  nan
nan  nan
nan  nan
nan  nan
nan  nan
nan  nan
nan  nan
nan  nan
nan  nan
nan  nan
nan  nan
nan  nan
nan  nan
nan  nan
nan  nan
nan  nan
nan  nan
nan  nan
nan  nan
nan  nan
nan  nan
nan  nan
nan  nan
nan  nan
nan  nan
nan  nan
nan  nan
nan  nan
nan  nan
nan  nan
nan  nan
nan  nan
nan  nan
nan  nan
nan  nan
nan  nan
nan  nan
nan  nan
nan  nan
nan  nan
nan  nan
nan  nan
nan  nan
nan  nan
nan  nan
nan  nan
nan  nan
nan  nan
nan  nan
nan  nan
nan  nan
nan  nan
nan  nan
nan  nan
nan  nan
nan  nan
nan  nan
nan  nan
nan  nan
nan  nan
nan  nan
#File:  5 2000
162.704012495  0.714158739508
146.639599304  1.33964985706
137.64999886  1.66329525069
135.35110137  1.75209775526
131.956697577  1.86191125512
131.024418552  1.89105245662
130.440697716  1.912005228
131.515654557  1.87389650767
131.872551825  1.86535804833
130.635625924  1.90459152001
131.715030068  1.86936153915
130.862118013  1.89131527614
132.421396642  1.84495905399
131.971787589  1.85911798452
131.887740332  1.8662165008
130.707373827  1.90600206904
130.952721644  1.89912895278
131.513616885  1.87833160854
132.107468687  1.85574556931
132.380505397  1.84430053779
132.444955517  1.84350135066
131.371051019  1.87833078561
130.376120684  1.91200117518
130.841034251  1.89779277665
130.270963138  1.91447246523
131.642105743  1.87626708353
131.38940621  1.88157682842
132.323036845  1.84785535479
132.036276704  1.85826085394
131.971647603  1.86058478958
130.27200042  1.91529275286
130.299994676  1.91865809384
131.231107251  1.88541711386
132.552533088  1.83882682254
132.818818947  1.83642967784
132.746152981  1.83213210909
132.576895425  1.83863534487
132.313987517  1.84944188088
132.905429279  1.82785480351
132.942098411  1.82880076762
132.373474557  1.83890434628
132.524391847  1.83937360971
131.615052844  1.87222793009
130.828572006  1.89794235418
131.435565006  1.88005016742
131.085150763  1.88667458618
131.895633667  1.85950734959
132.777312215  1.83259813113
131.47335723  1.87519503594
131.663445732  1.86928285545
132.397543553  1.84654138729
131.737496855  1.86889376776
130.9096166  1.89629381434
132.113989764  1.8557023978
132.300320468  1.84654720694
131.006522551  1.88701650258
131.992739459  1.86089276183
131.080288357  1.88886091301
130.781149379  1.9016869275
131.561965115  1.87069475002
134.183138699  1.78495529987
133.503832506  1.807562335
132.389672582  1.84861863693
131.876868263  1.86286474201
132.17621564  1.85265157329
131.736508394  1.86925304746
132.188849049  1.85314964393
133.216666766  1.82200914645
132.246220571  1.85127065725
131.615224687  1.8723268476
132.731848007  1.83513003269
133.006374614  1.82508315351
132.318580858  1.84671075103
131.459719911  1.8759551108
132.197510744  1.85205937233
131.37760733  1.88362882942
130.586802598  1.90710476333
131.431150726  1.87772344703
130.869567195  1.8933055389
131.053081047  1.8907762026
nan  nan
nan  nan
nan  nan
nan  nan
nan  nan
nan  nan
nan  nan
nan  nan
nan  nan
nan  nan
nan  nan
nan  nan
nan  nan
nan  nan
nan  nan
nan  nan
nan  nan
nan  nan
nan  nan
nan  nan
nan  nan
nan  nan
nan  nan
nan  nan
nan  nan
nan  nan
nan  nan
nan  nan
nan  nan
nan  nan
nan  nan
nan  nan
nan  nan
nan  nan
nan  nan
nan  nan
nan  nan
nan  nan
nan  nan
nan  nan
nan  nan
nan  nan
nan  nan
nan  nan
nan  nan
nan  nan
nan  nan
nan  nan
nan  nan
nan  nan
nan  nan
nan  nan
nan  nan
nan  nan
nan  nan
nan  nan
nan  nan
nan  nan
nan  nan
nan  nan
nan  nan
nan  nan
nan  nan
nan  nan
nan  nan
nan  nan
nan  nan
nan  nan
nan  nan
nan  nan
nan  nan
nan  nan
nan  nan
nan  nan
nan  nan
nan  nan
nan  nan
nan  nan
nan  nan
nan  nan
#File:  5 3000
177.611837087  0.111342104811
157.585368348  1.03524710252
146.965826284  1.50799418212
141.559679462  1.73520459038
139.986684644  1.79720550816
137.453060797  1.89793128604
136.446697557  1.93713067814
136.745036769  1.92666187058
135.721837281  1.96418208174
135.278431735  1.98447029283
134.83327377  1.99976921609
134.804386227  1.99991471593
135.572219879  1.97304096999
135.224833594  1.98497385
134.321030413  2.01942715887
133.655592052  2.044889927
134.558915099  2.01213748522
134.641589134  2.01120982189
135.000296022  1.99273397906
135.095680625  1.99078022045
135.092133584  1.99352566919
134.827037359  2.00212664999
135.750782792  1.96480921089
135.751972168  1.96403323077
135.483546037  1.97706271732
135.600455593  1.97226235192
135.70690642  1.96686875688
135.55201459  1.97419267662
135.40981787  1.97365536509
135.77615331  1.96489050317
136.123122447  1.9519216537
136.259358694  1.94532859162
135.753202297  1.96244339068
135.952102694  1.95879562603
135.632543852  1.96782945189
135.990266891  1.95528943491
135.668336877  1.96637815219
134.946647295  1.99332320376
135.810163594  1.96514957804
135.649536152  1.96704337564
135.898758558  1.95991503395
135.413123208  1.97614609304
136.186016629  1.94728526691
135.596737767  1.97204575438
135.286714163  1.97714095927
135.453703935  1.97987747994
135.019252714  1.99081534493
135.048023722  1.99310898816
134.377459212  2.01619049107
134.561071624  2.0127461699
134.213778641  2.02395040365
134.056856463  2.03120203104
134.330530282  2.02010862378
135.092253965  1.9906250614
136.275966889  1.94205141742
135.707550321  1.96625022727
135.83834927  1.96153934626
136.130200198  1.94840780569
136.311894041  1.94285301236
136.429724446  1.93751619961
135.732432694  1.96676329068
136.064970453  1.95347304784
136.005752394  1.95411961611
135.976159661  1.95597527237
135.555315172  1.97083738124
136.570381997  1.93106932908
136.376874646  1.93800998
136.062999184  1.95120193827
135.971353323  1.95361229208
136.103709363  1.95193324976
135.990476994  1.95488694986
136.15205903  1.94822635231
136.462543561  1.93347535803
135.263674456  1.97755317427
135.439552517  1.97208823749
135.842381166  1.96230425299
135.806400478  1.95566633949
136.980945137  1.91360562733
135.959331354  1.95599349912
136.191589882  1.94759133854
nan  nan
nan  nan
nan  nan
nan  nan
nan  nan
nan  nan
nan  nan
nan  nan
nan  nan
nan  nan
nan  nan
nan  nan
nan  nan
nan  nan
nan  nan
nan  nan
nan  nan
nan  nan
nan  nan
nan  nan
nan  nan
nan  nan
nan  nan
nan  nan
nan  nan
nan  nan
nan  nan
nan  nan
nan  nan
nan  nan
nan  nan
nan  nan
nan  nan
nan  nan
nan  nan
nan  nan
nan  nan
nan  nan
nan  nan
nan  nan
nan  nan
nan  nan
nan  nan
nan  nan
nan  nan
nan  nan
nan  nan
nan  nan
nan  nan
nan  nan
nan  nan
nan  nan
nan  nan
nan  nan
nan  nan
nan  nan
nan  nan
nan  nan
nan  nan
nan  nan
nan  nan
nan  nan
nan  nan
nan  nan
nan  nan
nan  nan
nan  nan
nan  nan
nan  nan
nan  nan
nan  nan
nan  nan
nan  nan
nan  nan
nan  nan
nan  nan
nan  nan
nan  nan
nan  nan
nan  nan
#File:  5 4000
160.649610686  0.998014676072
154.165158802  1.31917427371
152.377351623  1.4034027414
148.23273908  1.60790659695
146.159862441  1.70543491611
143.264054639  1.83641182872
142.963222428  1.85692775497
141.854272156  1.90504993294
141.142257051  1.93803855757
140.320102219  1.97364546938
139.207026504  2.02290326935
138.402165115  2.05836308884
138.503900422  2.05656200908
137.317675544  2.10347163639
137.281948004  2.10742868453
136.928254018  2.12360569672
137.229065157  2.10965410569
137.112291159  2.11383039661
137.162827994  2.11152560241
137.223074816  2.1077354703
137.485415809  2.0971885208
137.404807912  2.09945541769
137.791777695  2.08720017452
137.454615544  2.10191221902
137.286205714  2.10690729287
137.117252117  2.1146367301
137.097575271  2.11513748792
137.222521864  2.1114927733
137.051529389  2.11578227001
137.413199708  2.10199875336
137.875482229  2.08179966755
137.256957793  2.10814522189
137.337647029  2.10772393691
137.514166778  2.09673173144
137.305056582  2.10608539248
137.562616977  2.09431780943
137.637924237  2.08843434464
138.336297664  2.06148768392
138.407175419  2.05639020639
138.512670974  2.05155665306
138.564997348  2.04915189439
138.555778296  2.05003048014
138.45896191  2.05566356411
138.355107553  2.06122332365
138.680041191  2.046609399
138.655064466  2.04590377342
138.220291087  2.06539731915
137.940996833  2.08023147042
138.356903398  2.06150823243
138.515351166  2.05291087305
138.206180327  2.06511218028
138.16291399  2.06800615215
138.165614493  2.06859968041
138.076247824  2.07361942704
137.839585659  2.0815488403
137.80115911  2.08221394933
138.167092988  2.0692153298
138.049169128  2.07390866067
138.155194516  2.06911683179
138.531357297  2.05127916207
138.359981393  2.05797942144
138.649422728  2.0453071607
139.191714374  2.02229926731
139.039205566  2.03067348531
138.945622712  2.03357500571
139.043900797  2.03243214172
138.826787224  2.03981304075
138.786608031  2.04233467359
138.661032132  2.04552635384
138.708828276  2.04197046021
138.444178414  2.05944368559
137.813234402  2.08307155553
138.334580436  2.06221200088
137.581346272  2.08998191334
138.650453852  2.04487930712
138.644115613  2.04757630829
138.838963754  2.04084870422
138.380740512  2.06001725958
138.030235179  2.0733983465
138.100683336  2.07038634145
nan  nan
nan  nan
nan  nan
nan  nan
nan  nan
nan  nan
nan  nan
nan  nan
nan  nan
nan  nan
nan  nan
nan  nan
nan  nan
nan  nan
nan  nan
nan  nan
nan  nan
nan  nan
nan  nan
nan  nan
nan  nan
nan  nan
nan  nan
nan  nan
nan  nan
nan  nan
nan  nan
nan  nan
nan  nan
nan  nan
nan  nan
nan  nan
nan  nan
nan  nan
nan  nan
nan  nan
nan  nan
nan  nan
nan  nan
nan  nan
nan  nan
nan  nan
nan  nan
nan  nan
nan  nan
nan  nan
nan  nan
nan  nan
nan  nan
nan  nan
nan  nan
nan  nan
nan  nan
nan  nan
nan  nan
nan  nan
nan  nan
nan  nan
nan  nan
nan  nan
nan  nan
nan  nan
nan  nan
nan  nan
nan  nan
nan  nan
nan  nan
nan  nan
nan  nan
nan  nan
nan  nan
nan  nan
nan  nan
nan  nan
nan  nan
nan  nan
nan  nan
nan  nan
nan  nan
nan  nan
#File:  5 5000
155.00903334  1.37000811437
149.828349103  1.64682491831
147.927223017  1.74677484187
147.363272144  1.77088970315
145.758254666  1.85658441789
143.764372281  1.95772986797
141.849590249  2.04405145868
141.715759274  2.0523313091
141.017805229  2.08547276417
140.895200731  2.09398226916
140.479657255  2.11338679667
140.111566353  2.13187208789
139.419397133  2.16318321079
139.151649593  2.17660253136
139.157327087  2.17694679914
138.73260975  2.19602931784
138.910292673  2.19217288381
139.101242892  2.17942373231
138.66796727  2.20061268244
139.000259296  2.18621769638
138.909788984  2.18844734639
138.868305713  2.19377172993
138.524517944  2.20609001666
138.324513642  2.2167414515
138.232177497  2.22063453936
138.667164596  2.20172824322
138.52215235  2.21146984932
138.558430115  2.20516643313
138.057031642  2.23058432016
138.174941549  2.22284802482
138.549526496  2.20459789068
138.283545002  2.21635806312
138.14985646  2.22392660742
138.06909697  2.22819795122
138.308702732  2.21883761937
138.054135952  2.22507733206
138.481697034  2.21122672341
138.544513832  2.20717729318
138.688527399  2.20112421583
138.776802589  2.19358735598
139.710840019  2.15058404661
139.589180839  2.15275813132
139.301170669  2.16911052765
138.965475755  2.18845130004
138.762500946  2.19595222489
139.05598443  2.18172560048
139.110581317  2.1812234971
139.16705225  2.17679755519
139.231846323  2.17442021569
139.107966806  2.17941341199
139.363013037  2.16831927925
139.238634955  2.17360310352
138.982042836  2.18651048822
139.07332448  2.18032732662
139.537134941  2.15833289419
139.727217357  2.15042325916
139.821960269  2.1472576393
139.421299398  2.16349373627
140.053159402  2.13712108713
139.380175878  2.16417251606
139.136027162  2.17630505277
139.577021895  2.15664648692
139.328010367  2.16939877416
139.894325014  2.14193193005
139.534347526  2.15925744999
139.653190929  2.15468698505
139.611144035  2.15618925981
139.706646932  2.15084088531
140.001572492  2.13681132705
140.038169819  2.13523934929
139.711192695  2.15083185208
138.739555809  2.18919860878
139.387090438  2.16572747267
139.196272299  2.17406442446
139.574595756  2.15722055386
138.938136152  2.18157906883
139.551891552  2.15879809697
139.677368711  2.154117999
139.763484292  2.14770681504
139.853978386  2.1431241758
nan  nan
nan  nan
nan  nan
nan  nan
nan  nan
nan  nan
nan  nan
nan  nan
nan  nan
nan  nan
nan  nan
nan  nan
nan  nan
nan  nan
nan  nan
nan  nan
nan  nan
nan  nan
nan  nan
nan  nan
nan  nan
nan  nan
nan  nan
nan  nan
nan  nan
nan  nan
nan  nan
nan  nan
nan  nan
nan  nan
nan  nan
nan  nan
nan  nan
nan  nan
nan  nan
nan  nan
nan  nan
nan  nan
nan  nan
nan  nan
nan  nan
nan  nan
nan  nan
nan  nan
nan  nan
nan  nan
nan  nan
nan  nan
nan  nan
nan  nan
nan  nan
nan  nan
nan  nan
nan  nan
nan  nan
nan  nan
nan  nan
nan  nan
nan  nan
nan  nan
nan  nan
nan  nan
nan  nan
nan  nan
nan  nan
nan  nan
nan  nan
nan  nan
nan  nan
nan  nan
nan  nan
nan  nan
nan  nan
nan  nan
nan  nan
nan  nan
nan  nan
nan  nan
nan  nan
nan  nan
#File:  5 6500
154.91383029  1.50626985868
151.119862853  1.72321740602
149.029508711  1.84833700956
146.994712917  1.95743216889
148.350738436  1.87927940018
144.49737328  2.10078242007
144.671664032  2.09184357736
143.322523136  2.16221665069
142.249625147  2.21960778782
142.502311988  2.20752684752
140.931018681  2.27630272969
141.164492981  2.27581087918
140.064823982  2.32940417822
140.514648802  2.31408683289
140.626597591  2.30736866769
140.007894301  2.33694670293
139.554758644  2.3597215086
139.726175141  2.35568718781
138.652730975  2.40068435034
138.48787974  2.41322668153
138.371476699  2.42161816268
138.333262145  2.42444532736
137.816680058  2.44779936503
138.079366642  2.43980966416
137.161517709  2.48541218994
135.552628186  2.54368923605
136.553524824  2.51467013539
136.437591484  2.5207103339
136.387911086  2.52395601521
135.71668766  2.55782021731
136.082384848  2.54235782632
136.016049205  2.54218241829
135.348299456  2.56714326223
135.744785122  2.55838664577
135.073591047  2.58497464939
134.998861202  2.59637322032
134.831238227  2.60316297938
134.599600467  2.61341691882
134.167653427  2.63562961971
134.255722254  2.62923624958
134.130864079  2.6339274995
133.913238136  2.64668804193
133.7946158  2.65382913781
133.94674598  2.64701416161
133.954753715  2.64428036475
133.87999454  2.64806212936
133.600678649  2.65997081778
133.6148235  2.66352254781
133.212510778  2.68304088733
133.290258666  2.67861466385
133.366737416  2.67192796604
133.502632243  2.66714585621
133.156462878  2.68245934506
133.181966962  2.68496250896
133.136706677  2.68514559239
133.622183063  2.65922607538
133.28131426  2.67803418714
133.201687735  2.68304179197
132.950190124  2.697369312
132.827070122  2.69869223571
132.836730199  2.70342899573
132.828131525  2.70298389123
133.02155486  2.69312040755
132.60327311  2.71317366191
132.671161359  2.70912920267
132.635331758  2.71121791329
132.450458606  2.7200092229
132.764743781  2.70370631846
132.942630522  2.69546562211
133.017629184  2.68952267612
133.275777262  2.6777473535
133.279770292  2.6814314134
133.224380742  2.68067026557
133.153285587  2.68421599229
133.176977102  2.68147117522
133.350393115  2.67711787234
133.409199678  2.67168668717
133.453331082  2.67021777828
133.302100834  2.67712789069
133.019311551  2.6889767597
132.895001645  2.69802120122
133.077225031  2.69002457204
133.134065387  2.68545572505
133.025408237  2.69149707247
132.762783974  2.70298131485
132.520218391  2.71496550949
132.714954733  2.71004221062
132.73289404  2.70521946005
132.607903551  2.71411927539
132.585978538  2.7144815338
132.421718092  2.72048542512
132.344373846  2.72287293182
132.629918045  2.71138520781
132.600410442  2.71200356348
132.400881086  2.72339280265
132.351544277  2.72430099999
131.995385662  2.74283315325
132.081802726  2.73890452181
132.21774768  2.73214605563
132.423022774  2.72463460081
132.294264162  2.7289558121
132.371424995  2.72376374988
132.34022959  2.72647742816
132.058335309  2.73877733872
132.478442834  2.71707592467
132.406835199  2.72050667349
132.371313207  2.72448377262
132.815991915  2.70253404
132.532421251  2.71483572765
132.368600195  2.7209554039
132.155143818  2.73151111556
132.47528395  2.71892332618
132.385923659  2.72152617979
132.053767333  2.73913068929
132.48293703  2.7173748529
132.466946344  2.71816571272
132.704150342  2.70640239836
132.386681211  2.721433035
132.232720882  2.72917669768
132.616528355  2.71302891892
nan  nan
nan  nan
nan  nan
nan  nan
nan  nan
nan  nan
nan  nan
nan  nan
nan  nan
nan  nan
nan  nan
nan  nan
nan  nan
nan  nan
nan  nan
nan  nan
nan  nan
nan  nan
nan  nan
nan  nan
nan  nan
nan  nan
nan  nan
nan  nan
nan  nan
nan  nan
nan  nan
nan  nan
nan  nan
nan  nan
nan  nan
nan  nan
nan  nan
nan  nan
nan  nan
nan  nan
nan  nan
nan  nan
nan  nan
nan  nan
#File:  5 7000
156.862653703  1.42336066203
154.549970198  1.56011947311
154.424936253  1.56468532835
155.367752896  1.50379280216
155.659225927  1.4814203716
151.067861845  1.76012665601
149.02187407  1.87927044347
149.383657934  1.85489824197
147.08524125  1.9900107619
146.925261994  1.99246212171
142.263571497  2.26891480628
146.847590986  1.99269355948
141.613315673  2.30342938433
140.831528249  2.34732200545
140.497300925  2.36374294576
140.030768223  2.38951339021
140.027731016  2.39154614977
139.400328328  2.42414619024
138.197108632  2.47397307265
138.639267657  2.46105508962
138.158081673  2.48501841353
137.849726749  2.50326222967
136.6284437  2.55462322539
136.635897271  2.55614233732
137.095361408  2.5439730822
137.037913229  2.54570924708
136.768754202  2.55980855671
135.33261789  2.61776847764
136.295040332  2.58320551377
135.85488536  2.60412517095
135.425842639  2.62686391553
135.640183368  2.61804307516
135.167880052  2.64018414105
134.914226252  2.65484730384
134.413186879  2.67970884445
134.600955959  2.66889266155
134.093845477  2.69225735286
134.356286755  2.68490719425
134.011771067  2.7001563406
133.68809858  2.71360197295
134.196564374  2.69080298557
133.937562399  2.70551982266
133.553847275  2.72537463863
133.889230642  2.70540543464
133.495370819  2.72780464004
133.504551339  2.72564445158
133.500933333  2.72289157384
133.449242141  2.72719007503
133.224160315  2.7399667971
133.152925594  2.74165373774
133.197941172  2.74163821518
132.951949298  2.75127547998
132.911453583  2.75553033353
133.195960555  2.73970917974
133.221436958  2.73893157
133.061796941  2.74781083124
133.022301723  2.74952162706
133.261686321  2.74040680437
133.057919937  2.74822815819
132.907760462  2.75758758943
132.560379267  2.77164350975
132.622348021  2.77068300124
132.491283605  2.77535059092
132.454264372  2.77774828111
132.416969364  2.7800710169
132.610438043  2.7705655351
132.566635784  2.77456315805
132.465056768  2.77693904113
132.446207698  2.78019542711
132.394385138  2.78057396439
133.17270724  2.75279069329
132.117558832  2.79458260473
132.247989968  2.78930624861
132.442441578  2.77962813394
132.654468363  2.76659137291
132.194775345  2.79075266817
132.485798391  2.77701094979
132.332106891  2.78292751287
132.163640785  2.79265083664
131.88509187  2.80721066982
132.097928505  2.79332938565
132.37002079  2.78287253278
132.308794002  2.7871964183
132.092138003  2.79578818063
132.463672466  2.77950044088
132.251182987  2.78766019955
131.863615766  2.80312794058
132.270385664  2.78927414236
132.520450796  2.77248969734
132.314298543  2.78617844225
132.430784171  2.7800743242
132.145923815  2.79238759103
132.48429451  2.77898374166
132.712569035  2.76682798169
132.348070055  2.7808295707
132.308801924  2.7865184874
132.524424452  2.77523836941
132.530587541  2.7737101822
132.569460163  2.7727355407
132.378451029  2.78270078969
132.503027699  2.77556466935
132.233548506  2.78935794181
132.369119873  2.77994395067
132.756411188  2.76158837463
132.740438033  2.76203257929
132.827870696  2.75974612482
132.736713288  2.76628307161
132.575364329  2.77273827298
132.60721788  2.7707692356
132.573640314  2.77152472893
133.201979261  2.74571526019
132.710512313  2.7691856554
132.639914059  2.77218501006
132.802149017  2.75884448433
132.282728654  2.78173940626
132.534263706  2.77451446035
132.8424892  2.7606607288
132.489124214  2.77563029071
132.477444391  2.77766622737
132.58385708  2.77073073557
nan  nan
nan  nan
nan  nan
nan  nan
nan  nan
nan  nan
nan  nan
nan  nan
nan  nan
nan  nan
nan  nan
nan  nan
nan  nan
nan  nan
nan  nan
nan  nan
nan  nan
nan  nan
nan  nan
nan  nan
nan  nan
nan  nan
nan  nan
nan  nan
nan  nan
nan  nan
nan  nan
nan  nan
nan  nan
nan  nan
nan  nan
nan  nan
nan  nan
nan  nan
nan  nan
nan  nan
nan  nan
nan  nan
nan  nan
nan  nan
#File:  5 8000
158.952076834  1.3490172503
151.636038089  1.81080412405
156.787642455  1.48157883439
151.069733802  1.84664335367
151.622635261  1.80770463285
148.810812536  1.98328633338
147.871594655  2.03830805478
147.781261915  2.03660852509
144.865945613  2.19789355756
146.011308446  2.14765145866
146.381482778  2.12585403687
149.516129392  1.92355681772
144.213461639  2.25052647348
146.822191781  2.08416215632
138.837440627  2.53429467473
140.798464058  2.45526382746
140.476960275  2.4755397347
140.138715808  2.49113284121
142.253989329  2.35835389655
139.09611167  2.54727360939
139.083873757  2.55128438213
138.942339652  2.55887162168
138.826287763  2.56381233931
135.919774269  2.69287304069
137.81380334  2.61775260415
137.868106748  2.6183744365
137.588088594  2.63207349063
137.43444334  2.6388498549
137.085183031  2.65874328468
136.6930293  2.6789570508
136.708316235  2.67695452021
136.609198478  2.68578450818
136.299345165  2.70076977713
136.13536285  2.70934499329
135.926273301  2.721603628
135.68524865  2.73469514864
135.197965099  2.7582374994
135.416685906  2.75035697678
135.534988246  2.74180350956
135.109045828  2.76266434812
135.19153051  2.76021286712
134.648757193  2.79035776928
134.178621806  2.80994406562
134.744219354  2.78675754063
134.670332372  2.78921405423
134.445834461  2.80137605732
134.489408904  2.7969486851
134.415813574  2.80134430803
134.279062031  2.80819421418
134.085488011  2.81968414536
133.877845726  2.82961548644
133.624779147  2.84274539256
134.023887629  2.82371481594
133.908140635  2.83045516497
134.000174618  2.8239961476
133.908018367  2.82716556816
133.927014714  2.82910153694
133.981700575  2.82681748561
133.734910213  2.83963562211
133.619492466  2.84327816937
133.597159317  2.84633886832
133.647697667  2.84215563336
133.857198763  2.83874710202
133.272765511  2.86172983775
133.578144738  2.84472334552
133.309345738  2.8613555032
133.198673297  2.86690452772
133.280518232  2.86180635327
132.906850596  2.88053355481
133.196817024  2.86900179791
133.15072743  2.86989646785
133.385706683  2.85934175288
132.688243598  2.88494693246
133.385562911  2.85622610228
133.371412688  2.85985394546
133.267580441  2.8631003057
133.210439951  2.86635930055
133.264890834  2.86552904495
133.517920215  2.85104287408
133.335838151  2.86040230567
133.391179001  2.85407089649
133.571142823  2.84650607885
133.348664949  2.85984431837
133.369901788  2.85700718159
133.31226866  2.85980035276
133.049561286  2.87370283337
133.157915543  2.86969513022
133.273534868  2.86209143377
133.108411262  2.87292457209
133.01477856  2.87425731168
133.130765481  2.87081407329
133.449921568  2.85632129341
133.473753615  2.85021703533
133.242949008  2.86625190221
132.91977042  2.87959800814
133.138647852  2.86709876926
133.402272818  2.85447824263
133.274138942  2.86438453244
133.469456366  2.85393063043
133.157677593  2.86861735645
133.097593757  2.87055024422
133.143397284  2.86937927452
133.333339081  2.85983399727
133.135103783  2.87050710049
133.310929988  2.86177221758
133.178632306  2.86582238175
133.248494492  2.86372057488
133.344066695  2.85804056464
133.111682046  2.87226514678
133.311432215  2.86132187442
133.206081109  2.86862123894
133.473188433  2.84895888668
133.257287239  2.86092251302
133.079063993  2.87130915657
132.855769742  2.88463572925
133.176675776  2.87028441975
132.962461684  2.87785441266
133.069245202  2.87030120046
133.189417824  2.8673000808
133.411996734  2.85570331451
nan  nan
nan  nan
nan  nan
nan  nan
nan  nan
nan  nan
nan  nan
nan  nan
nan  nan
nan  nan
nan  nan
nan  nan
nan  nan
nan  nan
nan  nan
nan  nan
nan  nan
nan  nan
nan  nan
nan  nan
nan  nan
nan  nan
nan  nan
nan  nan
nan  nan
nan  nan
nan  nan
nan  nan
nan  nan
nan  nan
nan  nan
nan  nan
nan  nan
nan  nan
nan  nan
nan  nan
nan  nan
nan  nan
nan  nan
nan  nan
#File:  5 9000
153.519499884  1.76927526622
153.349437106  1.77520427718
152.983580211  1.7964397229
156.510064493  1.56077327598
151.487483237  1.88905047977
147.644553759  2.14835328686
148.062749394  2.11550319683
147.620659251  2.13621765967
146.179947657  2.23803362055
146.701977143  2.2005548044
144.002637247  2.37045390481
148.011429669  2.10834381725
145.799459395  2.25256514459
145.709632629  2.25670042256
145.863413544  2.24599610699
146.101513704  2.22162560518
142.938198777  2.42908897074
142.188820263  2.47695432621
141.306414629  2.53249284011
140.7088387  2.56529457536
139.299240726  2.63354242916
140.019529926  2.60663598299
139.641534403  2.62401510751
140.907014405  2.54278464466
139.466669332  2.63859775916
139.367376859  2.64340938711
138.965528356  2.66553052807
137.958789652  2.71247422766
138.584230295  2.68932428435
138.410324335  2.69762832059
138.468683254  2.69684499897
138.156100012  2.71232645976
137.997585774  2.72302335865
137.470562054  2.7509388992
136.661714257  2.78853948469
137.063063993  2.77412792111
136.931098233  2.78283251004
136.668947227  2.79346511666
136.219782748  2.81967147111
136.344818086  2.81430338489
136.436041638  2.81092867921
136.202110963  2.82300717644
135.980541984  2.8354173348
135.691948717  2.84959160816
135.807975618  2.84587972673
135.601246492  2.8558209974
135.45951328  2.86428568089
135.284796023  2.87289313506
135.366235521  2.8717187153
135.157309454  2.87765979337
135.161551701  2.88201031252
135.252925703  2.87522367994
135.029244355  2.88820384047
134.983115902  2.89105963107
134.832145437  2.90017373089
134.723768996  2.90453596157
134.63298752  2.91013659823
134.750304449  2.90085622091
134.473306673  2.9173966991
134.584238034  2.91346889416
134.548878042  2.91550289481
134.547388847  2.91667423064
134.596682253  2.91377773017
134.402702761  2.92378412267
134.282247139  2.93083848577
134.448269524  2.91965792314
133.679441705  2.95739952477
134.453431757  2.91979558331
134.150915348  2.93674148331
134.122758486  2.93978192943
134.40461434  2.92437527666
133.917410476  2.94909549619
133.80739341  2.95760594181
133.555250523  2.9663201432
133.953960261  2.94772498129
133.658923163  2.96436405853
133.095599499  2.98741146617
133.692659387  2.96163915825
133.834768386  2.95623936737
133.812438828  2.95493733716
133.757469516  2.95676184362
133.461507464  2.97396376962
133.787419589  2.95457769515
133.558056526  2.97065335261
133.642047089  2.96169433649
133.532581679  2.9722750036
133.432446663  2.97959316097
133.509494826  2.97207439024
133.598481892  2.96897078928
133.686988519  2.96149779119
133.483373641  2.97678873169
133.350833745  2.98130789958
133.564153543  2.96742360399
133.695409702  2.96237434452
133.578110333  2.96661531354
133.754292053  2.95913644918
133.56456612  2.97231566881
133.599225906  2.96642391935
133.747536217  2.95976786205
133.755923882  2.96109782765
133.924286263  2.95003655542
133.747011308  2.95816093095
134.12874373  2.94070005559
133.903194104  2.94916923234
133.935045957  2.95012428688
133.522445356  2.97285816845
134.7121234  2.92043117725
133.727471276  2.95958285667
133.533651714  2.97056647749
133.645506949  2.9656964725
133.612973249  2.96765727991
133.631732826  2.96722197262
133.917419548  2.94760335874
133.329055352  2.97988200091
133.497848194  2.9698040955
133.751669173  2.95773720902
133.55149337  2.96942204798
133.452270236  2.97672690657
133.566873204  2.97003738823
133.483195447  2.97290563053
nan  nan
nan  nan
nan  nan
nan  nan
nan  nan
nan  nan
nan  nan
nan  nan
nan  nan
nan  nan
nan  nan
nan  nan
nan  nan
nan  nan
nan  nan
nan  nan
nan  nan
nan  nan
nan  nan
nan  nan
nan  nan
nan  nan
nan  nan
nan  nan
nan  nan
nan  nan
nan  nan
nan  nan
nan  nan
nan  nan
nan  nan
nan  nan
nan  nan
nan  nan
nan  nan
nan  nan
nan  nan
nan  nan
nan  nan
nan  nan
#File:  5 10000
158.263034786  1.50660743232
155.281220525  1.70782331916
158.786347896  1.4640174749
158.552749621  1.4762272865
153.898519415  1.7986477983
156.810535576  1.59490724837
152.805112727  1.86717459999
151.220155261  1.9756125994
150.82349089  1.99977255664
149.144715394  2.11435112326
149.510029592  2.0848046317
146.968079593  2.25833673248
149.427551975  2.08882647894
146.967619783  2.25419751755
147.139701192  2.23624569677
146.35974772  2.28824572203
147.207673049  2.22991261347
146.500011823  2.27944179497
141.754235949  2.59568562067
143.887067639  2.45314426519
143.928675287  2.444470986
140.860148343  2.64839444875
138.845724185  2.74111056325
140.584588494  2.66269958144
138.98660485  2.74542826233
140.197438793  2.68844047476
139.793671776  2.71166337975
141.205108103  2.61772682696
138.512934893  2.77591116261
139.108393039  2.75023054323
138.85733412  2.76705372413
139.98622228  2.69302491711
138.490811029  2.79205413392
138.266550201  2.80021359849
138.277591928  2.80102539235
138.318709292  2.80082308475
138.174537241  2.80844667292
136.384621771  2.88630237755
137.575178682  2.84104448864
137.769757987  2.83090265381
137.58026491  2.84384514094
137.485020353  2.84797074167
137.467048911  2.85205657538
136.970457429  2.87573326318
137.063796051  2.8729497607
136.962073468  2.87699515867
136.642876827  2.89843480977
136.507566481  2.90669030947
136.424930989  2.90991674083
134.783473227  2.9868547939
135.818641687  2.94300495285
136.14486919  2.92669118347
135.974508977  2.93832277986
135.911089015  2.9416972322
135.752695937  2.94927729204
135.782312747  2.94726271327
135.544797173  2.96012530402
135.516542344  2.96142838033
135.153131027  2.98243766816
135.285972232  2.97388943659
135.239242942  2.97662331852
135.505307481  2.96430953093
135.101841855  2.9843756374
134.852075103  3.00014854484
134.895440474  2.99737801888
134.898162224  2.99731136757
134.732715745  3.00686261024
134.628657507  3.01626630099
134.69223721  3.00992438133
134.938709099  2.9931860385
134.767840942  3.0058149566
134.810657698  3.00228763223
134.709273791  3.0113643826
135.035853913  2.98985024563
134.864018095  2.99675132396
134.656577256  3.01257603719
134.747673764  3.0058574818
134.913398212  2.99829399805
134.706532532  3.00874531661
134.746047273  3.00575881682
134.757257193  3.00600750702
134.93446802  2.99557389533
134.866719975  3.00276759487
134.658445113  3.01199290218
134.715991725  3.00697172491
134.650282578  3.00896484246
134.764525487  3.00606152361
134.726454535  3.00650536731
134.575846469  3.01812578226
134.929617927  2.99694288922
134.880306459  3.00316802126
134.933727959  2.99776506829
134.870538079  2.99738020963
134.820309163  3.00475981476
134.523268045  3.0196844745
134.498695497  3.01543336009
134.650787867  3.01189746484
134.282419151  3.03252033061
134.326700316  3.03328296084
134.32925332  3.03041208386
134.326685299  3.03499660739
134.53384026  3.01912847722
133.862751624  3.05262700939
134.067398094  3.04638310264
134.015271538  3.04893897307
134.050212343  3.04499579934
134.235134008  3.03201519063
134.379957351  3.0300926408
134.255542718  3.03501526665
134.212379535  3.03878458878
134.19768849  3.0372926321
134.23881013  3.03451430851
134.219726729  3.03809646907
134.070118236  3.04590288321
133.898010446  3.05337358655
134.171315957  3.04122100203
134.170913301  3.04118049217
134.350502904  3.02952084188
133.803854163  3.06012336272
133.960716113  3.05035430181
133.907659825  3.05353969978
133.8340053  3.06023917371
133.924636483  3.05434724995
133.946580821  3.04706106031
133.533243457  3.07466235527
133.630025508  3.07180159192
133.514541851  3.07892802032
133.511829761  3.0761289715
133.672830946  3.06641976589
133.078643399  3.09935743026
132.911828863  3.10446510097
133.213010926  3.09637548308
133.163055629  3.09517893467
133.30323961  3.0910125664
133.387161289  3.08490407614
133.361424195  3.0906194069
133.243249586  3.09272122372
133.350655988  3.08883507666
133.284994738  3.08910249157
133.339389959  3.08727517089
133.646835315  3.07550166648
133.466415773  3.08192880291
133.338998767  3.08740825463
133.501935503  3.07953154856
133.483542303  3.07974612992
133.315391239  3.0912674884
133.394973249  3.08608702192
133.328202398  3.08934727623
133.555253514  3.07631033339
133.484780941  3.07694027092
133.227205077  3.08892915372
133.610131751  3.07411902063
133.86276902  3.06088222812
133.367525154  3.08511222711
133.445481258  3.08176844192
133.547051379  3.07337731417
133.643696196  3.0706276861
133.522290715  3.07909383778
133.7167119  3.06679432501
133.898674273  3.05424282683
