Contact Angle  Base Radius
#File:  5 1000
137.62963104  1.32106094992
130.075233068  1.51772108734
128.928616731  1.54467809434
121.795831441  1.71655595491
122.816439072  1.68993554756
124.440980773  1.65344360803
124.008188751  1.67001529663
126.220901402  1.60996553611
128.944002491  1.54668589335
128.381522036  1.55747140091
128.839615956  1.54826559642
127.789519332  1.57092289287
127.361748324  1.58419851225
126.97928099  1.59461232706
127.352526003  1.5853337876
128.917439535  1.54526400013
126.966368118  1.59371251539
127.213930883  1.58327440962
127.289809  1.5829881621
128.695937914  1.55112317473
128.730595909  1.55073465507
128.055624316  1.56752430118
127.881000373  1.57089562086
129.553251059  1.53007481687
127.854379447  1.57046895977
126.893499607  1.59508749297
126.939313209  1.59396306382
126.998457626  1.5905552534
126.848685773  1.59396452515
126.890361219  1.59407835617
128.238053153  1.56350984706
125.991087253  1.61678603664
127.429012244  1.58025955556
128.094652928  1.56466457392
129.156339891  1.53885703873
126.373958384  1.60638857905
128.377799259  1.55916821176
126.360196637  1.60448847901
128.613696092  1.55151949389
125.850264795  1.62402644947
128.572659208  1.55555207248
128.087389695  1.56801630347
127.783366437  1.57152913383
127.161835081  1.59226130613
127.709238622  1.57157013112
127.816689028  1.57282479904
126.140594368  1.60716020327
126.885258462  1.59419203418
126.2882734  1.60650408319
127.694986701  1.57341450155
128.261229233  1.56171209234
126.487077673  1.60290153313
126.972652279  1.5974603586
127.639633852  1.57514248275
129.714150235  1.51873434813
128.36138626  1.55592212114
127.03090024  1.58981886971
128.893871654  1.5417009331
125.702430697  1.6264861835
126.783419539  1.59926262778
127.510927367  1.57851729487
127.836649138  1.56646740208
127.836666561  1.57493889713
128.455443142  1.55554732807
126.995030947  1.58912879295
128.036963988  1.56640255031
128.063635524  1.56599696308
129.525159945  1.52632072691
126.693604265  1.59719395265
126.563530376  1.59667316097
127.120965326  1.58691929528
127.724063157  1.57188568408
127.246014829  1.58794793201
127.411237116  1.57113991021
127.852150713  1.56425186303
126.444937908  1.60655996401
127.680139508  1.57067872608
128.636891265  1.54551566641
126.658203629  1.59710927017
127.3333768  1.58171008147
nan  nan
nan  nan
nan  nan
nan  nan
nan  nan
nan  nan
nan  nan
nan  nan
nan  nan
nan  nan
nan  nan
nan  nan
nan  nan
nan  nan
nan  nan
nan  nan
nan  nan
nan  nan
nan  nan
nan  nan
nan  nan
nan  nan
nan  nan
nan  nan
nan  nan
nan  nan
nan  nan
nan  nan
nan  nan
nan  nan
nan  nan
nan  nan
nan  nan
nan  nan
nan  nan
nan  nan
nan  nan
nan  nan
nan  nan
nan  nan
nan  nan
nan  nan
nan  nan
nan  nan
nan  nan
nan  nan
nan  nan
nan  nan
nan  nan
nan  nan
nan  nan
nan  nan
nan  nan
nan  nan
nan  nan
nan  nan
nan  nan
nan  nan
nan  nan
nan  nan
nan  nan
nan  nan
nan  nan
nan  nan
nan  nan
nan  nan
nan  nan
nan  nan
nan  nan
nan  nan
nan  nan
nan  nan
nan  nan
nan  nan
nan  nan
nan  nan
nan  nan
nan  nan
nan  nan
nan  nan
#File:  5 2000
151.926487063  1.13043030566
139.800713336  1.57241112597
131.887851116  1.83852349115
129.913900111  1.91228121263
126.803527252  2.00473534776
125.941846241  2.02937468941
125.408324413  2.04758012016
126.165025552  2.02245562595
126.740212767  2.00735930593
125.585525556  2.04107681847
126.580058556  2.01100741556
125.779185979  2.02883405942
127.225774719  1.99005177874
126.811248627  2.00200006246
126.745577478  2.00871835408
125.661339374  2.04284965802
125.890586549  2.03714675657
126.400990647  2.01901946999
126.938809373  1.9992981602
127.182808931  1.98917752426
127.245537474  1.98870562914
126.257483201  2.01830172886
125.343336101  2.04726016947
125.774741706  2.03524859638
125.243814803  2.04923355476
126.524897824  2.01758987375
126.284480813  2.02166123458
127.134582806  1.99246079498
126.873880692  2.00146641227
126.815033604  2.00347613466
125.246942117  2.05006395861
125.283638701  2.05358652845
126.13519452  2.02473340945
127.077360852  1.9931379721
127.602750015  1.9835272276
127.517775799  1.97881969802
127.365141727  1.98448876221
127.129763065  1.99401172123
127.666408726  1.97534403171
127.705952476  1.97648898256
126.963773277  1.99050694116
127.314284179  1.98496000354
126.487005107  2.01338712666
125.762586185  2.03533747665
126.326938706  2.02035648628
125.828881444  2.03093920171
126.735619517  2.00200396575
127.5504388  1.979451581
126.352205728  2.01565943617
126.527920533  2.01066705231
127.206048216  1.99152196199
126.43697596  2.01648455902
125.839889646  2.03407972272
126.945259137  1.999288094
126.80991944  2.00141820822
125.913328231  2.02522375886
126.837092381  2.0038938506
125.992377103  2.02744700498
125.724508671  2.0388713984
126.429505432  2.01157573054
128.756817712  1.94161794446
128.017834024  1.96503692632
127.203747777  1.99357304545
126.725702429  2.00528861283
126.999702449  1.99653531082
126.601393159  2.01100704044
126.824266899  2.00370982571
127.897021417  1.97327998197
127.066466288  1.99550442173
126.487439703  2.01348757076
127.51159982  1.98176442759
127.760420248  1.9730818431
127.126994604  1.99128527474
126.340482282  2.01635591766
126.766684377  2.00464610733
126.277976987  2.02366743786
125.54283318  2.04336574118
126.316381089  2.01799225579
125.791848496  2.0308739435
125.969975597  2.02923922262
nan  nan
nan  nan
nan  nan
nan  nan
nan  nan
nan  nan
nan  nan
nan  nan
nan  nan
nan  nan
nan  nan
nan  nan
nan  nan
nan  nan
nan  nan
nan  nan
nan  nan
nan  nan
nan  nan
nan  nan
nan  nan
nan  nan
nan  nan
nan  nan
nan  nan
nan  nan
nan  nan
nan  nan
nan  nan
nan  nan
nan  nan
nan  nan
nan  nan
nan  nan
nan  nan
nan  nan
nan  nan
nan  nan
nan  nan
nan  nan
nan  nan
nan  nan
nan  nan
nan  nan
nan  nan
nan  nan
nan  nan
nan  nan
nan  nan
nan  nan
nan  nan
nan  nan
nan  nan
nan  nan
nan  nan
nan  nan
nan  nan
nan  nan
nan  nan
nan  nan
nan  nan
nan  nan
nan  nan
nan  nan
nan  nan
nan  nan
nan  nan
nan  nan
nan  nan
nan  nan
nan  nan
nan  nan
nan  nan
nan  nan
nan  nan
nan  nan
nan  nan
nan  nan
nan  nan
nan  nan
#File:  5 3000
159.069238686  0.954560267467
149.357060848  1.38379847274
140.845364142  1.74665669509
136.130028228  1.93427742645
134.720183732  1.98612070384
132.433263112  2.07158640962
131.517029418  2.1050541157
131.81096646  2.09549052211
130.819031639  2.12942254447
130.424370382  2.1471775676
130.041478016  2.15886132046
130.012740599  2.15884624468
130.722826252  2.13613820596
130.318828582  2.14951895007
129.28380747  2.18752399062
128.958617556  2.19779089489
129.793771817  2.16978018844
129.874849606  2.16930585521
130.193283828  2.15271719145
130.284746759  2.15128778255
130.287559034  2.15403116449
130.04063922  2.16119903073
130.883056547  2.12887555467
130.882403835  2.12810111547
130.643051619  2.13968010398
130.749410315  2.13551603126
130.656116037  2.1383398478
130.705207611  2.13718204843
130.560784679  2.1358295551
130.908794285  2.12910351134
131.22707555  2.11805504561
131.348322838  2.11221098329
130.78986388  2.13013786569
131.071389518  2.12398326862
130.771200815  2.13123702867
131.001228813  2.12474654339
130.803784977  2.12998123878
130.140655192  2.15300887051
130.943654637  2.12956041623
130.7864393  2.13054308179
130.79213522  2.13414939663
130.569995593  2.1383558014
131.0527133  2.123034268
130.745154595  2.13527667061
130.445088482  2.13863887204
130.619634464  2.14234342656
130.207901239  2.15089265735
130.242193799  2.15336319811
129.620414516  2.17285495127
129.797331458  2.17040467832
129.473313134  2.17976248285
129.331759739  2.1861993719
129.582092954  2.17653885169
130.280936474  2.15111228497
131.189600833  2.1157667743
130.842961171  2.13007771588
130.963418253  2.12608805379
131.225714929  2.11455779348
131.395217113  2.11002550165
131.50087716  2.10534251344
130.86923418  2.13073737479
131.172255635  2.11927882849
131.114181564  2.11958590595
131.088845805  2.12128280124
130.700589323  2.13382299692
131.626743719  2.09967859657
131.448855682  2.10552918733
131.164795438  2.11698039276
131.07832168  2.11887554013
131.207554567  2.11795366616
131.100646307  2.12026994633
131.247288282  2.11450246701
131.524036498  2.10146583028
130.422867164  2.13892319854
130.320539375  2.14382493372
130.969305782  2.12688149142
130.692949494  2.12912590472
131.997031859  2.08452923026
131.071944469  2.12120361378
131.285560066  2.1140936244
nan  nan
nan  nan
nan  nan
nan  nan
nan  nan
nan  nan
nan  nan
nan  nan
nan  nan
nan  nan
nan  nan
nan  nan
nan  nan
nan  nan
nan  nan
nan  nan
nan  nan
nan  nan
nan  nan
nan  nan
nan  nan
nan  nan
nan  nan
nan  nan
nan  nan
nan  nan
nan  nan
nan  nan
nan  nan
nan  nan
nan  nan
nan  nan
nan  nan
nan  nan
nan  nan
nan  nan
nan  nan
nan  nan
nan  nan
nan  nan
nan  nan
nan  nan
nan  nan
nan  nan
nan  nan
nan  nan
nan  nan
nan  nan
nan  nan
nan  nan
nan  nan
nan  nan
nan  nan
nan  nan
nan  nan
nan  nan
nan  nan
nan  nan
nan  nan
nan  nan
nan  nan
nan  nan
nan  nan
nan  nan
nan  nan
nan  nan
nan  nan
nan  nan
nan  nan
nan  nan
nan  nan
nan  nan
nan  nan
nan  nan
nan  nan
nan  nan
nan  nan
nan  nan
nan  nan
nan  nan
#File:  5 4000
152.342886224  1.39811564003
147.412982942  1.63037121192
145.948589091  1.69486201358
142.487599986  1.85975920166
140.694385812  1.93995798199
138.135735746  2.04899749362
137.885748043  2.06744072434
136.88867963  2.10785479642
136.225627687  2.13725109319
135.506711352  2.16630569152
134.475141945  2.2095604784
133.75461136  2.23954819863
133.86350275  2.23790424418
132.769052618  2.27773521727
132.741318722  2.28149936105
132.418736589  2.29563380806
132.69271338  2.28341672093
132.583837048  2.28691001823
132.629931493  2.28489737472
132.629682042  2.28388694219
132.924751592  2.27243862325
132.848366796  2.27422597811
133.212109894  2.26427587926
132.903615201  2.27700353556
132.744522024  2.28100063312
132.590491258  2.28775143962
132.571723633  2.28813608047
132.57353125  2.29049470194
132.526719588  2.28850615685
132.862116172  2.27683686803
133.284942831  2.25935990533
132.717656539  2.28206814728
132.797981019  2.28213631155
132.952730921  2.27215544574
132.761786165  2.28028850482
132.996435337  2.27002391784
133.059858829  2.26456643548
133.619520241  2.24575553327
133.765742863  2.23711745326
133.861466007  2.2329202174
133.908914991  2.23083184136
133.901547364  2.23165779695
133.816308891  2.2367141931
133.593485532  2.24728078892
133.923107903  2.23341370903
133.992513478  2.22813579976
133.597031653  2.24500571177
133.347562611  2.25818933332
133.726193566  2.24195218274
133.752578184  2.23957027095
133.582212623  2.24462986146
133.544871245  2.24727133714
133.548862727  2.2478858146
133.469636962  2.25237857542
133.24827879  2.2588843117
133.080564909  2.26522606912
133.551670735  2.24851488219
133.442995398  2.25250021961
133.539481374  2.24834098738
133.879677209  2.23275966371
133.721668102  2.23841881304
133.885903363  2.232058435
134.410151903  2.21107676807
134.345835718  2.21526951586
134.258007887  2.21758652098
134.354458751  2.21707116071
134.152083639  2.2231030853
134.117159489  2.22538430222
133.997697295  2.22779388305
134.038035431  2.22451888813
133.809606195  2.24042637756
133.224981199  2.26025339844
133.705236594  2.24251961038
133.006175039  2.2657753509
133.985629395  2.22707472745
133.985143587  2.22975001132
134.166621613  2.22422434637
133.746974643  2.24060187822
133.422846039  2.25186808724
133.487324332  2.24927700705
nan  nan
nan  nan
nan  nan
nan  nan
nan  nan
nan  nan
nan  nan
nan  nan
nan  nan
nan  nan
nan  nan
nan  nan
nan  nan
nan  nan
nan  nan
nan  nan
nan  nan
nan  nan
nan  nan
nan  nan
nan  nan
nan  nan
nan  nan
nan  nan
nan  nan
nan  nan
nan  nan
nan  nan
nan  nan
nan  nan
nan  nan
nan  nan
nan  nan
nan  nan
nan  nan
nan  nan
nan  nan
nan  nan
nan  nan
nan  nan
nan  nan
nan  nan
nan  nan
nan  nan
nan  nan
nan  nan
nan  nan
nan  nan
nan  nan
nan  nan
nan  nan
nan  nan
nan  nan
nan  nan
nan  nan
nan  nan
nan  nan
nan  nan
nan  nan
nan  nan
nan  nan
nan  nan
nan  nan
nan  nan
nan  nan
nan  nan
nan  nan
nan  nan
nan  nan
nan  nan
nan  nan
nan  nan
nan  nan
nan  nan
nan  nan
nan  nan
nan  nan
nan  nan
nan  nan
nan  nan
#File:  5 5000
148.508456107  1.69395643468
144.234976695  1.91508585651
142.60622955  1.99775121466
142.103024593  2.01694043525
140.708632786  2.08945828321
140.035688296  2.12093893102
137.206564729  2.24798156066
137.078595844  2.25590593555
136.423761402  2.2854142556
136.351014848  2.29150706655
135.972504477  2.30817357818
135.639361518  2.32427600357
134.973433234  2.35272021246
134.704538022  2.36573245079
134.687828417  2.36727879957
134.377203944  2.37973932673
134.548613008  2.37700746645
134.716231079  2.36542102875
134.320893506  2.38393473223
134.627716003  2.37159954911
134.540966625  2.37325559505
134.509423722  2.37834416235
134.186960851  2.38852561234
133.873388197  2.40454454382
133.920231445  2.40129705972
134.165741983  2.39280994833
134.194735768  2.39392268841
134.21932969  2.38781344002
133.762585954  2.41019990923
133.866793166  2.40316167467
134.209295601  2.38718446421
133.963893129  2.39732069595
133.843572857  2.40408820652
133.770291785  2.40787556303
133.993847254  2.39997453715
133.59903107  2.41207225205
134.153579805  2.39341958139
134.209133421  2.38974735909
134.34255077  2.38458157528
134.417004791  2.37756728363
135.18696314  2.3446212684
135.16558325  2.3412811592
134.758342254  2.3632605813
134.597006766  2.3736209518
134.407131306  2.37985441997
134.675135542  2.3674421732
134.729105867  2.36729307947
134.708236562  2.36666209237
134.659920403  2.37013141576
134.722977353  2.3654545385
134.958091235  2.35596287053
134.67342996  2.36896210182
134.60994895  2.3717757211
134.689883953  2.3661481599
135.113766255  2.34706303107
135.28947612  2.34036648758
135.378566701  2.33781371541
135.007315514  2.35149078971
135.591096041  2.32916534765
134.967256887  2.35190260343
134.745195583  2.36250987621
135.150591859  2.34563032873
134.924970147  2.35681877234
135.209450511  2.34440963206
135.112779599  2.34797511022
135.22339415  2.34416456595
135.18403557  2.34539686143
135.269597368  2.34064955248
135.538540831  2.32850517727
135.572233285  2.32716962455
135.274155196  2.34067079336
134.371122937  2.37291138993
134.977259403  2.3535131594
134.801473413  2.36064922067
135.149281026  2.34619202465
134.556266986  2.36652841527
135.129534234  2.34762913846
135.24660713  2.34375294154
135.320595327  2.33787443786
135.402573816  2.33386745108
nan  nan
nan  nan
nan  nan
nan  nan
nan  nan
nan  nan
nan  nan
nan  nan
nan  nan
nan  nan
nan  nan
nan  nan
nan  nan
nan  nan
nan  nan
nan  nan
nan  nan
nan  nan
nan  nan
nan  nan
nan  nan
nan  nan
nan  nan
nan  nan
nan  nan
nan  nan
nan  nan
nan  nan
nan  nan
nan  nan
nan  nan
nan  nan
nan  nan
nan  nan
nan  nan
nan  nan
nan  nan
nan  nan
nan  nan
nan  nan
nan  nan
nan  nan
nan  nan
nan  nan
nan  nan
nan  nan
nan  nan
nan  nan
nan  nan
nan  nan
nan  nan
nan  nan
nan  nan
nan  nan
nan  nan
nan  nan
nan  nan
nan  nan
nan  nan
nan  nan
nan  nan
nan  nan
nan  nan
nan  nan
nan  nan
nan  nan
nan  nan
nan  nan
nan  nan
nan  nan
nan  nan
nan  nan
nan  nan
nan  nan
nan  nan
nan  nan
nan  nan
nan  nan
nan  nan
nan  nan
#File:  5 6500
148.947399949  1.83256240283
145.777904471  2.00659181515
143.997271898  2.11135586667
142.204148825  2.20226880347
143.388055376  2.13598087558
139.99499921  2.32547562999
140.152431039  2.31788548939
140.331542849  2.30400497614
137.958555238  2.42789167205
138.193218138  2.41746671742
136.736637502  2.47529826539
136.97069594  2.47645255638
135.906579957  2.5253118538
136.383584346  2.51040646447
136.396010942  2.50928062936
135.936391218  2.52864982791
135.473172821  2.55093570515
135.57090636  2.55179999767
134.655142116  2.58503150322
134.509495563  2.59657601468
134.40581033  2.60426365644
134.371867665  2.6068606849
136.386466287  2.4939261844
134.140804108  2.6206861295
133.288494452  2.66078421492
131.704713078  2.71220668996
132.721393512  2.68648197095
132.613843352  2.69185324627
132.498489066  2.69861119719
131.9436522  2.72485618673
132.288654008  2.71147989236
132.22178166  2.71091157334
131.587034414  2.73207658141
131.972676952  2.72558936538
131.323534055  2.74908131319
131.277296078  2.75941657923
131.118437005  2.76527779712
130.768310764  2.78136030971
130.496756632  2.79413631053
130.541204195  2.79009978612
130.34837994  2.79804420764
130.256305104  2.80382511831
130.146814849  2.81033848081
130.290375097  2.8043376404
130.275750087  2.80265567282
130.137330031  2.80964318624
129.878203986  2.81981803368
129.979280044  2.81908039533
129.60126777  2.8364797099
129.673484145  2.8324587396
129.741428558  2.82616320972
129.805604102  2.82561860435
129.544259806  2.83559327019
129.573131762  2.83824300882
129.486581881  2.84040149592
129.980952929  2.8148085989
129.663745011  2.83182772308
129.513083536  2.84054727798
129.356705136  2.84944525408
129.234873686  2.85011333916
129.25069616  2.85491810824
129.241492821  2.85442548799
129.42279907  2.84556489748
129.028985337  2.86345193269
129.091907915  2.85975460343
129.058641825  2.8616598704
128.884404672  2.86950083793
129.178819996  2.85481182445
129.346648329  2.84749438484
129.414173228  2.84193348105
129.531245302  2.83826719751
129.666655988  2.83522864731
129.610071623  2.83416490093
129.543372238  2.83733896442
129.563550893  2.83471239091
129.731864937  2.83128287888
129.783724374  2.82615190363
129.826073361  2.82491796763
129.683413807  2.83103087743
129.415149276  2.84139469971
129.302170523  2.84980351438
129.369983696  2.84828574837
129.469961483  2.84145246231
129.424552896  2.84395661055
129.175916791  2.85407386716
128.947946639  2.86480929312
129.137025445  2.86090394593
129.148814114  2.85616029013
129.034844573  2.86442535586
129.013309524  2.86467241859
128.856175505  2.86982674681
128.781617586  2.87181414568
129.0534246  2.8617989582
128.875326222  2.87027512339
128.838977138  2.87263385558
128.79063186  2.87328479839
128.456747839  2.89001029885
128.538501221  2.88652026346
128.666353651  2.88045200061
128.862774931  2.87399676718
128.739079079  2.87765343517
128.809894894  2.87285058976
128.782049055  2.87540887293
128.514796141  2.88626994319
128.761357126  2.8745372049
128.841269623  2.86976946079
128.810699813  2.87357243947
129.240798001  2.85326472488
128.890751875  2.86845265977
128.803478888  2.87001791881
128.602737398  2.87948648296
128.907926227  2.86854258734
128.821589143  2.87068200719
128.510658714  2.88660057901
128.913624728  2.86702938234
128.898591788  2.86773830504
129.121497595  2.85719410696
128.822230405  2.8705925458
128.677611129  2.87755142043
129.042099937  2.86337711224
nan  nan
nan  nan
nan  nan
nan  nan
nan  nan
nan  nan
nan  nan
nan  nan
nan  nan
nan  nan
nan  nan
nan  nan
nan  nan
nan  nan
nan  nan
nan  nan
nan  nan
nan  nan
nan  nan
nan  nan
nan  nan
nan  nan
nan  nan
nan  nan
nan  nan
nan  nan
nan  nan
nan  nan
nan  nan
nan  nan
nan  nan
nan  nan
nan  nan
nan  nan
nan  nan
nan  nan
nan  nan
nan  nan
nan  nan
nan  nan
#File:  5 7000
150.444036743  1.78681759636
148.581298887  1.89254579114
148.469169982  1.89547475617
149.217105305  1.84653222875
149.432467344  1.82787372792
145.66156103  2.05230910403
143.907199647  2.15085540139
144.210932183  2.12993873515
142.216292847  2.24377124159
142.060244943  2.24474531659
137.926029786  2.48415269661
141.982275191  2.24425339301
137.333656832  2.51398492891
136.633209379  2.55188177608
136.343389242  2.56496155835
135.906642189  2.58818622459
135.889922687  2.59116773581
135.312544173  2.61959625012
134.169018484  2.66227177045
134.605126171  2.65162713781
134.17602015  2.67160162163
133.881976322  2.68859073944
132.72392204  2.73286001642
132.642776126  2.7390343418
133.182063488  2.72484675559
133.123562592  2.72641348943
132.877366683  2.73870022913
131.468850845  2.79058486019
132.406111619  2.76087392086
131.96146939  2.780910681
131.624905821  2.79782910158
131.799322794  2.79182244836
131.384476202  2.80966631813
131.150068878  2.82288893582
130.680957161  2.84492071215
130.854779191  2.83515405
130.25110273  2.86230148481
130.630854296  2.84980965699
130.305459205  2.86313361853
129.998420109  2.87478526019
130.427674491  2.85759825719
130.238110153  2.86809290372
129.879170012  2.88584184427
130.030761796  2.8763933134
129.823661542  2.88795078886
129.830045736  2.88583440732
129.824760835  2.88287962502
129.74866763  2.88858217184
129.567318659  2.898634283
129.498014357  2.8999294299
129.543172541  2.9001652437
129.30875727  2.90846749055
129.273593105  2.91251298224
129.366600756  2.90758863805
129.56323955  2.89758013707
129.414527488  2.90560082155
129.377099411  2.90709805664
129.605550788  2.89928595459
129.370739251  2.90818779914
129.272528648  2.91455708103
128.941879936  2.92674761682
129.0028431  2.92612389946
128.877251615  2.93008904571
128.843142661  2.93229254347
128.808657677  2.93441951658
128.990742156  2.925940602
128.951866344  2.92971172883
128.852947455  2.93153951532
128.838154087  2.93470409488
128.786631376  2.9348009067
129.532256456  2.91121692082
128.526482491  2.94735267953
128.650738522  2.94276586318
128.833657721  2.93411426366
128.959693378  2.92601941069
128.599159283  2.94392824769
128.873851939  2.93172513395
128.727111263  2.93682298082
128.570300248  2.94566400743
128.308980548  2.95876883605
128.526238974  2.9448753085
128.765085958  2.93697445934
128.709097406  2.94097955288
128.502484632  2.94842476112
128.85480043  2.934102194
128.594093353  2.94423500585
128.282356115  2.95455702678
128.673170215  2.94285539383
128.777980181  2.93230164962
128.713339574  2.93998806257
128.822524291  2.93449829259
128.552193096  2.9453038524
128.874840156  2.93369651904
129.088469492  2.92275172878
128.740480035  2.9348048085
128.708252171  2.94029934878
128.910365013  2.93015789618
128.85994703  2.93160183831
128.952380246  2.92789325263
128.773328431  2.93684810699
128.692877154  2.94097018418
128.636312792  2.94273927064
128.730175544  2.93567078112
129.04467122  2.92212238408
129.110310597  2.91809305074
129.15287975  2.91858171495
129.112003407  2.92233795576
128.958308431  2.92792838318
128.987769912  2.92612732789
128.955036118  2.92670115786
129.4561657  2.90934347136
129.089409859  2.92510633402
129.022380044  2.92772768006
129.168155644  2.91523421088
128.676063725  2.93536201881
128.919320087  2.92948538446
129.21096564  2.9172798175
128.87543938  2.93035789985
128.866298896  2.93233697279
128.964278786  2.92596045016
nan  nan
nan  nan
nan  nan
nan  nan
nan  nan
nan  nan
nan  nan
nan  nan
nan  nan
nan  nan
nan  nan
nan  nan
nan  nan
nan  nan
nan  nan
nan  nan
nan  nan
nan  nan
nan  nan
nan  nan
nan  nan
nan  nan
nan  nan
nan  nan
nan  nan
nan  nan
nan  nan
nan  nan
nan  nan
nan  nan
nan  nan
nan  nan
nan  nan
nan  nan
nan  nan
nan  nan
nan  nan
nan  nan
nan  nan
nan  nan
#File:  5 8000
152.493241229  1.73479123481
146.542816591  2.10141522932
150.781162746  1.83495065735
146.060569622  2.13131163573
146.521077778  2.09811362783
144.098668563  2.24572100836
143.269722835  2.29214969188
143.174845722  2.2895724673
140.556193179  2.42639277194
141.615003198  2.38550688443
141.945569016  2.36678755752
144.674797711  2.19247317622
139.995131528  2.47407389819
142.306143616  2.32867994432
135.044401441  2.72050150932
136.89774025  2.65435943661
136.617608847  2.67177061527
136.288696141  2.68583496096
138.207797385  2.56742430278
135.331854385  2.73473053493
135.28316254  2.74113891917
135.195122248  2.74529098658
135.075403286  2.75008386191
132.331267246  2.86164112274
134.143696653  2.79717564214
134.123576965  2.80252794879
133.950743903  2.8093027803
133.793790626  2.81582781651
133.400252943  2.83761109006
133.104342639  2.85144952565
132.461175582  2.8763222872
133.014168351  2.85864446286
132.651588121  2.87590947837
132.482362303  2.88444043901
132.374578285  2.8905185619
132.149177653  2.90223980324
131.689471492  2.92303279692
131.899206524  2.91639081992
131.987915875  2.90960862351
131.603409819  2.92709291399
131.685454907  2.92497806421
131.177638648  2.95212325232
130.729468482  2.96912913759
131.269066509  2.94905288184
131.197903018  2.95109802295
130.987311807  2.96203184943
130.958101853  2.96168522976
130.944600652  2.9625486718
130.822507932  2.96825760087
130.647626342  2.97838183417
130.456003543  2.98691126122
130.212589438  2.99896911858
130.590601483  2.982082855
130.482438057  2.98820266548
130.522092386  2.98481015518
130.436697705  2.98727670558
130.475500824  2.98834688876
130.487909475  2.98864089588
130.188641555  3.00394437781
130.207908763  2.99947455995
130.140944738  3.0051632145
130.201110834  3.00042540915
130.44107705  2.99623943549
129.881523541  3.01609018856
130.082908815  3.00549971638
129.91778607  3.01591362052
129.813166634  3.02087877656
129.889388927  3.01620908869
129.536062745  3.03297417753
129.813717083  3.02297251208
129.768512325  3.023620185
129.99205924  3.01430954689
129.216024502  3.04181090024
129.853294636  3.01891271041
129.978312607  3.01474540468
129.877904424  3.01743677
129.824342227  3.02039567617
129.87800679  3.01985849066
130.115065772  3.00670698095
129.943260157  3.0151016471
129.939096056  3.01201615138
130.16317381  3.0024474118
129.955482126  3.01461177462
129.973501952  3.01188143785
129.918920637  3.0143694911
129.67140062  3.02689130439
129.775491446  3.02345715387
129.88271291  3.01645709999
129.729540454  3.02642865535
129.637145942  3.0272597989
129.749542333  3.02443256511
130.052979625  3.01163014542
129.990725146  3.01018117034
129.856829046  3.02046440356
129.547954265  3.03210523461
129.753177842  3.02074838611
129.934666072  3.01343610165
129.885964799  3.01876066124
130.069803379  3.00933870361
129.774013909  3.02237474087
129.715964776  3.02398847275
129.712307419  3.02583061557
129.941973319  3.0144121739
129.753541601  3.02414812109
129.919856694  3.01634026033
129.791816972  3.01968460421
129.859474427  3.01795528286
129.948782325  3.01277729403
129.732065081  3.0257848804
129.919840231  3.015891241
129.82257249  3.02264101776
129.957245767  3.01068660084
129.859717426  3.015498589
129.698248995  3.02464957801
129.489500548  3.03681448301
129.794986959  3.0241499239
129.588784578  3.03058603247
129.536347511  3.03214742557
129.804337606  3.02122537276
129.96964573  3.01337392321
nan  nan
nan  nan
nan  nan
nan  nan
nan  nan
nan  nan
nan  nan
nan  nan
nan  nan
nan  nan
nan  nan
nan  nan
nan  nan
nan  nan
nan  nan
nan  nan
nan  nan
nan  nan
nan  nan
nan  nan
nan  nan
nan  nan
nan  nan
nan  nan
nan  nan
nan  nan
nan  nan
nan  nan
nan  nan
nan  nan
nan  nan
nan  nan
nan  nan
nan  nan
nan  nan
nan  nan
nan  nan
nan  nan
nan  nan
nan  nan
#File:  5 9000
148.346210888  2.08231385596
148.189212901  2.08614959018
147.87380997  2.10309260756
150.773253319  1.91193486622
146.589210583  2.17907461476
143.26397226  2.40109240964
143.621704809  2.37194275918
143.216276705  2.38861903496
141.95406389  2.47811400638
142.411944254  2.44500749529
142.056714581  2.4651104961
143.55562141  2.36421875416
141.596580645  2.48942028506
141.513404743  2.49280764578
141.649319165  2.48335747153
141.845298641  2.46088244714
139.009219401  2.64375959129
138.328531161  2.68623103449
137.522947228  2.7356074306
137.614845142  2.72446109381
138.392337208  2.67329344574
138.178938862  2.68748406886
135.961266194  2.81694841549
137.136268405  2.74310150905
135.841194307  2.82824534315
135.739649004  2.83291475935
135.353747815  2.8531681211
134.403392217  2.89379992263
135.001769198  2.87457010676
134.805269339  2.88376846175
134.895415461  2.88137345167
134.601311449  2.89490853314
134.455691387  2.90463783388
133.949295826  2.93007124711
133.204484065  2.96161081407
133.580880351  2.95009457427
133.458996374  2.9580212277
133.204126476  2.96736681618
132.785285124  2.99092255657
132.885616919  2.98741110717
132.995852306  2.98321190952
132.711240848  2.99741653788
132.567631841  3.00506325542
132.273830098  3.01881234414
132.406670913  3.01454058561
132.191158893  3.02447091988
131.995345977  3.03553779542
131.851353493  3.04226489312
131.993218696  3.03787897817
131.710052124  3.04739345481
131.799582606  3.04701802265
131.869205716  3.04159867899
131.628044218  3.05522575756
131.621435996  3.05563196528
131.489610656  3.06334717207
131.385776633  3.06710484761
131.30096359  3.07220682036
131.395739236  3.0642994724
131.091857493  3.08197962813
131.255772017  3.0752729238
131.222562594  3.07711287531
131.222369839  3.07827945594
131.268599082  3.07565332729
131.085108455  3.08459374984
130.972060106  3.09099194378
131.097235908  3.08241113244
130.396415965  3.11427851885
131.131580924  3.08087908716
130.84680868  3.09617675042
130.821896078  3.09906901871
131.068794571  3.08633143503
130.564860075  3.11094813128
130.524972973  3.11519247387
130.261657775  3.12368347789
130.661255251  3.10609503869
130.336624738  3.12391223005
129.843049286  3.14118766447
130.414255633  3.11860366887
130.550950548  3.11397342416
130.527143398  3.11254381459
130.381845218  3.11956240154
130.19567355  3.12969403107
130.499588245  3.11216672649
130.288956766  3.12690352739
130.378419582  3.1175047465
130.265146547  3.12839004827
130.172546544  3.13518076
130.241776775  3.12806215363
130.327694508  3.12543823385
130.408415333  3.11843060026
130.22062673  3.13264707872
130.092525314  3.13645437259
130.291601716  3.12369775913
130.417807467  3.11935621382
130.304730138  3.12296378628
130.454792132  3.11754828309
130.297268635  3.12860650159
130.325702119  3.12288793691
130.467277181  3.11702964074
130.47712404  3.11841006597
130.634006787  3.10824864733
130.398697386  3.11936278253
130.828903966  3.10002341187
130.611907738  3.10726156035
130.644894311  3.10839643502
130.255605587  3.12891929044
131.391788198  3.08298404077
130.350587224  3.12252643291
130.197275959  3.13065971176
130.371337017  3.12241309741
130.340816844  3.12420057712
130.359163711  3.12386725001
130.624471757  3.10576995833
130.069162481  3.134905491
130.143508643  3.13066739885
130.474776379  3.1146868104
130.281052239  3.1256325436
130.189366239  3.13241466396
130.235091118  3.13005988129
130.137603685  3.13341401928
nan  nan
nan  nan
nan  nan
nan  nan
nan  nan
nan  nan
nan  nan
nan  nan
nan  nan
nan  nan
nan  nan
nan  nan
nan  nan
nan  nan
nan  nan
nan  nan
nan  nan
nan  nan
nan  nan
nan  nan
nan  nan
nan  nan
nan  nan
nan  nan
nan  nan
nan  nan
nan  nan
nan  nan
nan  nan
nan  nan
nan  nan
nan  nan
nan  nan
nan  nan
nan  nan
nan  nan
nan  nan
nan  nan
nan  nan
nan  nan
#File:  5 10000
152.389923802  1.88537154608
149.970382912  2.04387365326
152.776867244  1.8508528742
152.580262381  1.85921289547
148.809986443  2.11718097378
151.193048042  1.95168844191
147.872642212  2.17271059101
146.519466776  2.26371237744
146.17118041  2.28368511378
144.712020082  2.38155567248
145.021867067  2.35548349975
142.784634413  2.50569665729
144.946674694  2.35868831563
142.776865715  2.50151969697
142.91838697  2.48501174718
142.223604215  2.53031812366
142.975534031  2.47925787583
142.349740895  2.52270549673
138.061793753  2.80237594295
140.000727782  2.67540517914
140.029370252  2.66701283405
137.256271806  2.84751179304
135.329881548  2.92827694514
136.976285533  2.86132130331
135.476689597  2.93353948413
136.641352061  2.88318020197
136.244872458  2.90504071465
137.539945101  2.82053921435
135.024554695  2.96185502648
135.604908139  2.93916702331
135.392996663  2.95317993742
136.414517305  2.88763585366
135.035735534  2.97710746373
134.830313154  2.98323656755
134.832680887  2.98471979427
134.886110447  2.98399866077
134.73626655  2.99162038077
132.990096591  3.06074727307
134.165355456  3.02099956183
134.341389997  3.01253447435
134.193618203  3.02260456439
134.0920349  3.02682720071
134.072043501  3.03123020824
133.563372155  3.05423232045
133.686023495  3.05002706194
133.596489936  3.05296174305
133.295426547  3.07283499044
133.17036379  3.08020449439
133.093335012  3.08279832744
131.415948631  3.15668049349
132.501596715  3.11357246924
132.836046403  3.09762355746
132.677874671  3.10827762601
132.574122987  3.11399216403
132.467265196  3.11795380537
132.436842098  3.11969635873
132.270428195  3.12761377563
132.125245958  3.13601953258
131.901404598  3.14771495654
132.025553122  3.13991061124
131.965001904  3.14340672624
132.235313939  3.13157990261
131.835123826  3.1504049164
131.618139667  3.16374617176
131.652268614  3.16161700746
131.61844782  3.16384887779
131.505460524  3.16979769296
131.41090062  3.1786362616
131.46806098  3.1726376641
131.681447158  3.15826707641
131.539594299  3.16894753496
131.52752524  3.16883718252
131.486650814  3.17417909614
131.72824551  3.1583782593
131.585772181  3.16294434532
131.43506123  3.17509400458
131.519411434  3.16887497401
131.677698359  3.16223778031
131.481167444  3.17153660821
131.517676849  3.16876672415
131.516280273  3.16988273308
131.695969702  3.15963044128
131.635576985  3.16645702696
131.436326739  3.17451977762
131.488800735  3.16981169711
131.361962764  3.17527762081
131.536527013  3.16917589071
131.498806842  3.16940365355
131.35986627  3.18020100136
131.692545718  3.16097574592
131.649624068  3.16693656388
131.586284091  3.16786973269
131.624415436  3.16165147523
131.505674036  3.17344546582
131.308751423  3.18146587912
131.279688921  3.17706298605
131.330859902  3.18040322568
131.080468191  3.19297860753
131.125662591  3.19399281463
131.125266057  3.19112800639
131.127409939  3.19571133563
131.318777515  3.1809682106
130.680178352  3.21079649068
130.879042368  3.20567517806
130.829374711  3.20794716905
130.860390753  3.20418787987
131.03252632  3.19220609866
131.175788079  3.19109362301
131.040405016  3.19629995725
131.016663848  3.19886719718
131.000399613  3.19728847619
130.973884995  3.19878787228
131.023326243  3.19821836377
130.881279956  3.2052087958
130.716295814  3.21174111817
130.977979131  3.20108017358
130.977533886  3.20103728611
131.145658343  3.19035397407
130.628722318  3.2179870875
130.729268851  3.21196406282
130.726141297  3.21196136282
130.659075263  3.21827047019
130.743986507  3.21286564567
130.758573608  3.20568099452
130.372014268  3.23107235846
130.466190321  3.22873663867
130.357536165  3.23524695768
130.352012656  3.23242531637
130.49037336  3.22439712085
129.940778066  3.25335220692
129.778561299  3.25757118673
130.072555625  3.25109241058
130.021280363  3.24962083532
130.157708245  3.24620699898
130.235777472  3.24054071813
130.215659901  3.24613076134
130.099252764  3.24759302561
130.203088353  3.24428269273
130.13751496  3.24419215941
130.190239046  3.24265695699
130.486761459  3.23253967657
130.31227872  3.23799168649
130.189979297  3.24278826542
130.345499107  3.23578288037
130.327270151  3.23589703777
130.170146013  3.24652897673
130.244789999  3.24176965534
130.181083282  3.24467354794
130.395737783  3.23284594178
130.325702742  3.23309028014
130.079396329  3.24370328355
130.448569297  3.23095079733
130.68857043  3.21907503475
130.216295381  3.24064198202
130.291126674  3.23771605012
130.314889283  3.23415670081
130.478718458  3.22763488932
130.365472217  3.23545582179
130.548076435  3.22419417757
130.666371404  3.21581728092
