Last Carbon Position
2.168
2.168
2.168
2.168
2.168
2.168
2.168
2.168
4.951
4.951
4.951
4.951
4.951
4.951
4.951
4.951
2.322
2.322
2.322
2.322
2.322
2.322
2.322
2.322
2.322
2.322
2.322
2.322
2.322
2.322
2.322
2.322
4.958
4.958
4.958
4.958
4.958
4.958
4.958
4.958
4.929
4.929
4.929
4.929
4.929
4.929
4.929
4.929
4.962
4.962
4.962
4.962
4.962
4.962
4.962
4.962
4.959
4.959
4.959
4.959
4.959
4.959
4.959
4.959
4.966
4.966
4.966
4.966
4.966
4.966
4.966
4.966
2.322
2.322
2.322
2.322
2.322
2.322
2.322
2.322