Contact Angle  Base Radius
#File:  11 1000
117.544721929  1.75210756282
107.853800674  2.0190896414
108.551114073  2.00268370843
103.823386437  2.0969046074
103.158033431  2.10900307206
101.153995678  2.15843701453
103.14252616  2.11617795243
104.085859549  2.08536637222
102.744231626  2.11601085668
103.339951863  2.10862934629
102.357192218  2.13037202398
102.856302425  2.11871370146
101.630222406  2.14392387419
98.8211419059  2.19607680921
100.042065523  2.17194165557
97.0500799364  2.22862216851
102.917192451  2.11222789956
104.051423791  2.08957969374
100.112784014  2.16573358679
101.197912637  2.14718399852
99.0460415559  2.19385884852
98.3786288284  2.20133895083
96.1384659069  2.25539488092
97.3790215179  2.22579435839
99.7531015132  2.17445502804
99.5413946143  2.18163787433
95.9062543775  2.25299194849
96.8839883258  2.23502899012
96.4403456882  2.23688549235
96.4045919526  2.24485180659
95.0419735801  2.26927057142
97.1495822158  2.22469872451
99.0187656007  2.19037566533
98.0453579222  2.20548449927
96.6504597543  2.23665813197
97.3764931164  2.22068580333
95.2281741096  2.26526024652
96.3601171422  2.23810252794
95.3957943008  2.25908315595
95.1695980173  2.26070169413
#File:  11 2000
169.446864176  0.41722947333
116.388092106  2.22196049401
111.133983459  2.44397413478
106.38824555  2.57384276943
104.20344615  2.63803722128
101.381217031  2.70079291009
100.835212981  2.72071980505
99.830927903  2.74676586027
101.838178539  2.68936830564
102.70344854  2.67366744483
102.946226995  2.66960806258
101.63277215  2.70022333063
102.317817621  2.68080266225
105.123306291  2.61472894339
104.886809936  2.61690120183
105.261542339  2.60834789631
105.076677734  2.60840763254
105.777733444  2.59621544659
108.298117579  2.52096894355
106.948179981  2.55715190959
106.25631041  2.57550764083
106.384466184  2.57033280767
107.210652768  2.5554464723
106.130696242  2.58886232504
105.19812264  2.60796571542
104.905447553  2.61265084567
105.706557713  2.58924517618
106.811455994  2.56412231584
107.01273299  2.55178495249
104.791236239  2.61821039747
104.327451375  2.62513332351
104.876568116  2.60993592289
105.314764144  2.59737486394
106.334908367  2.57214651649
105.488515606  2.59203034579
106.305092631  2.57361268556
106.72218671  2.56168086795
106.491119101  2.57067292797
105.006784316  2.60866292711
106.330083645  2.56951405715
#File:  11 3000
nan  nan
159.643750713  0.894211432553
130.832063429  2.07867085732
122.281524782  2.38952424497
113.245676366  2.69987757965
108.456954979  2.86392477657
106.373179159  2.92506885218
105.044359176  2.96641601698
104.024295165  2.99910342394
103.864636564  3.00050388732
104.167321871  2.99871529866
104.247780416  2.98927945391
104.164724488  2.99206637073
102.914337482  3.0317359582
102.997785777  3.0277200291
104.204326508  2.9881245638
103.392199315  3.01929372862
103.625556654  3.0061743379
103.405317803  3.01434959235
103.587931015  3.00912477464
103.343964853  3.01484890195
103.432136995  3.01424820221
103.483486288  3.01073623279
104.608972261  2.97654643382
104.240673496  2.99163354294
104.248415003  2.98962661626
104.209153025  2.99061934108
103.040094317  3.02656861442
103.402837319  3.00980594849
103.156894344  3.0209976997
104.229987757  2.99582409495
102.786649621  3.03234646362
102.139063752  3.05161166545
103.11634698  3.02158024103
104.046049007  2.99145277963
103.77706353  3.00300468275
103.165750929  3.02147937896
103.673558916  3.00307768051
103.816461815  3.0022171134
103.172059527  3.02370617522
#File:  11 4000
nan  nan
nan  nan
148.549178713  1.51434602403
138.376358467  1.95848006442
128.169071893  2.37828229033
116.623915094  2.87428599587
116.231126419  2.87097425641
112.343191832  3.02805772574
110.753293659  3.08914445632
110.432668556  3.09670343912
110.220652265  3.1062062809
110.055945534  3.11189398799
109.761735051  3.11660552005
109.690552175  3.12280148252
109.878440077  3.11824254779
110.053938447  3.11165798639
109.397643439  3.13097880324
108.562660166  3.15526066127
107.789682698  3.18733290219
107.022618176  3.20527325076
107.138893925  3.20858347476
107.0872168  3.21052529792
107.798145149  3.18709885852
107.470831284  3.19559133591
107.213591877  3.20207936702
107.707303511  3.18771394672
108.379361599  3.16721079509
107.685706941  3.18297465176
107.547256669  3.19007942474
106.894917403  3.21261258107
106.635020105  3.22423104241
106.689901545  3.21957431563
108.231548997  3.17398968145
108.423857003  3.16290771776
108.36043597  3.17049057227
108.354747821  3.16635484946
109.236434402  3.13469995792
110.498312467  3.10084822012
109.795235478  3.11635594804
109.417312311  3.12884168569
#File:  11 5000
165.978368839  0.754326903039
154.817519061  1.3390631355
148.745004071  1.64024093048
147.307563503  1.69556398549
140.485235976  2.04162183247
133.722231098  2.36109743579
131.599228964  2.45404940251
126.364080807  2.70245064735
124.97687671  2.75393549337
123.468133984  2.81518003238
120.234229725  2.96117417228
119.685044017  2.9871400856
119.060835435  3.01138292405
118.41686889  3.03887808825
116.777016441  3.08664811228
117.086097374  3.08630949061
117.632013575  3.0694212306
117.78052558  3.06402016164
116.847067603  3.09431812527
117.159654638  3.08895062888
117.362136874  3.07869062908
117.19560103  3.08353413441
117.271257708  3.08204536628
117.357546841  3.07815982526
117.257177311  3.08094476086
117.239831687  3.08303157231
116.949968594  3.09395304005
117.011569744  3.09226141666
116.619325721  3.10527889794
116.977835307  3.09215625998
117.308076206  3.07712735386
117.247814794  3.08257497831
117.182994526  3.08555857399
117.389811259  3.07572689302
117.274924456  3.07905369857
117.262909091  3.08213421646
117.363927322  3.07761568013
118.096441006  3.04848590576
117.66622929  3.0642478984
117.499038957  3.07102422981
#File:  11 7000
nan  nan
159.055657148  1.25587535472
157.582459454  1.33936760256
157.405343835  1.3392681623
152.904469437  1.59266863313
152.176256645  1.6277405607
148.575527855  1.82948813103
141.303077787  2.2470245972
137.082535705  2.48433438
135.059699324  2.59430200559
135.1561918  2.57817779751
133.203118064  2.68443310731
130.045487272  2.8561663304
129.149242  2.88937962176
126.500804715  3.03510834288
125.948249576  3.06370428563
125.80178228  3.06929222022
124.515015763  3.1194990615
124.823810761  3.11570771099
124.704179806  3.11904661765
122.535209275  3.19484972918
123.521906335  3.17076567836
122.77780154  3.20188863199
122.566224147  3.21339948981
122.695218753  3.21186941988
122.331230753  3.22173358391
122.610576802  3.21368319266
121.963469956  3.24090395986
121.933378537  3.2435805825
121.522341738  3.26538297557
121.436373952  3.26828320529
121.540046982  3.26462725672
121.646103804  3.26000583295
121.903145503  3.24750630844
121.87140208  3.2462294906
121.927896974  3.24697587475
121.638350986  3.2551691165
121.584140327  3.25707308526
121.582032691  3.25814092475
121.237112131  3.27427050157
#File:  11 8000
nan  nan
161.885564022  1.13805297428
164.256890006  0.98414152233
154.540528727  1.58304835002
149.824591428  1.8592200987
146.990817733  2.02987617163
147.213519493  2.01284517095
143.096569274  2.25973326358
140.845845404  2.38920516638
137.674585261  2.57150522872
139.313475854  2.4716368945
139.615915092  2.43955389167
133.050070344  2.83013219079
132.862423689  2.83545360521
132.018525756  2.88563304703
131.659799562  2.89855896321
129.832165987  3.00749567517
130.760979273  2.94281147635
132.011873103  2.86033590097
127.233138667  3.14143666982
126.58944198  3.16991430072
126.624402285  3.16994030978
131.624270721  2.86138361417
124.837140749  3.24799504922
123.797298846  3.29419133526
123.088275327  3.32543457519
123.191116252  3.33287119051
123.00587244  3.34271521584
122.881430153  3.35132900529
122.488695115  3.36622576409
123.599601972  3.29740538025
121.370848193  3.4170463614
120.999021979  3.43714812216
120.793344744  3.4424448647
120.311552052  3.46540324035
120.235491703  3.4746501792
120.12157969  3.48083473469
119.398104788  3.50867686782
119.98446976  3.49085581218
119.333751372  3.51279275239
#File:  11 10000
nan  nan
168.077250767  0.810749546141
155.654980705  1.6493729361
166.926449554  0.882029592949
154.97262261  1.69230848498
152.771665134  1.83615609463
148.092856019  2.14821297004
147.556993197  2.17821704268
145.441924273  2.31405975213
145.089004833  2.33331314203
143.099728266  2.4596623214
142.405403844  2.50579611958
144.2359521  2.3755392407
139.824568587  2.67120517301
142.321399731  2.49778789502
142.967049023  2.44839567433
139.056372035  2.69978009377
137.999628786  2.75751517759
137.252450333  2.81131099589
136.628313387  2.85034950066
137.662056371  2.77624974951
133.694344501  3.03078515013
135.965466314  2.87255864848
133.70962985  3.02338660246
133.882580737  3.00369785062
134.122729799  2.97974242964
132.78507799  3.06672578221
133.814474075  2.9946449858
131.414197848  3.14233516042
131.204573986  3.15211258101
130.141836817  3.21457982005
132.557635777  3.05089004251
132.698725274  3.03458865214
126.4018878  3.43532847899
129.336381814  3.24791013296
130.092722222  3.19410410831
131.92549059  3.06487129161
127.891062922  3.31350088407
121.995553027  3.63252212772
123.661237273  3.58178685478
