Contact Angle  Base Radius
#File:  17 1000
150.141022521  0.95213983152
112.611443666  1.99664488596
107.893977947  2.10997982824
108.463698142  2.09599309819
110.932485074  2.03614591627
111.724034791  2.01413538042
107.280617637  2.12929907832
110.638334109  2.04430544985
111.337562826  2.0318963599
109.838468868  2.06825628065
110.425135848  2.04843889756
113.861703097  1.96492292672
113.985978375  1.96628815537
114.209877308  1.95771361255
113.178536799  1.9886151707
111.442530972  2.02790427463
106.01438792  2.15538299187
108.451545097  2.10203809258
110.893325062  2.04112685393
112.239274293  2.00681912442
113.365859156  1.97468907201
113.922076947  1.96242897087
109.08695744  2.0858141106
110.905180847  2.04313843509
110.294283457  2.05381404383
108.729138975  2.09017232799
115.045230933  1.93790817204
110.429290952  2.04557458039
110.411577941  2.05141429669
111.832403433  2.01542236198
110.749794121  2.04010298347
115.170807089  1.9312104853
111.031489933  2.03821434034
112.856364836  1.98713470808
112.625278832  1.99616940328
110.682317654  2.03783685781
109.445614896  2.07485937039
108.568600911  2.090172972
112.781960338  1.99309329964
112.012039153  2.00866563404
111.337383558  2.02153240484
111.903085044  2.00925620419
113.968015823  1.96374700424
113.880600267  1.96489699691
112.166218402  2.00803594275
111.199923552  2.0318686067
107.0318158  2.13240955031
112.647937207  1.99649027957
111.718188301  2.01985163199
109.096521452  2.07590597712
115.560389693  1.91842398736
112.968022164  1.98353485579
108.369381209  2.09340554603
106.723157761  2.13183673041
111.175420831  2.02253312007
112.124203962  2.0070430481
111.097168535  2.02523590727
110.067379666  2.05184904247
109.368131672  2.07241948599
107.619180795  2.10773058862
111.771130986  2.00672522346
109.324789953  2.06241033772
107.46201426  2.10936864847
108.404179508  2.08387635536
108.732267801  2.08003589355
106.403310502  2.13630080242
110.626010486  2.04512349152
109.658645535  2.0652324624
109.437021465  2.06780576158
109.537391935  2.06805793576
111.036769937  2.03269997651
107.027826148  2.12556024088
104.248167627  2.18698181484
107.905690914  2.10559406966
105.128437309  2.16479744812
109.23486104  2.06528969349
104.127462201  2.19151468165
108.079398282  2.09552796155
107.8362936  2.10934627338
107.075014302  2.1184451078
nan  nan
nan  nan
nan  nan
nan  nan
nan  nan
nan  nan
nan  nan
nan  nan
nan  nan
nan  nan
nan  nan
nan  nan
nan  nan
nan  nan
nan  nan
nan  nan
nan  nan
nan  nan
nan  nan
nan  nan
nan  nan
nan  nan
nan  nan
nan  nan
nan  nan
nan  nan
nan  nan
nan  nan
nan  nan
nan  nan
nan  nan
nan  nan
nan  nan
nan  nan
nan  nan
nan  nan
nan  nan
nan  nan
nan  nan
nan  nan
nan  nan
nan  nan
nan  nan
nan  nan
nan  nan
nan  nan
nan  nan
nan  nan
nan  nan
nan  nan
nan  nan
nan  nan
nan  nan
nan  nan
nan  nan
nan  nan
nan  nan
nan  nan
nan  nan
nan  nan
nan  nan
nan  nan
nan  nan
nan  nan
nan  nan
nan  nan
nan  nan
nan  nan
nan  nan
nan  nan
nan  nan
nan  nan
nan  nan
nan  nan
nan  nan
nan  nan
nan  nan
nan  nan
nan  nan
nan  nan
#File:  17 2000
nan  nan
140.146586431  1.55045684093
117.704807063  2.32691673461
110.554662051  2.55104824875
108.473320403  2.6111810153
106.198259447  2.68502476097
108.46392918  2.6160544444
109.302059106  2.58466561743
109.331063154  2.58632127957
109.381372833  2.58636374027
108.382425017  2.61597594547
107.448497085  2.64494202528
106.300248388  2.68057010501
109.282745405  2.58610593557
107.81097666  2.6286742528
109.987814068  2.56435835829
108.259086451  2.61334513951
108.434340775  2.61857436322
107.248790352  2.6509091639
108.371511533  2.61779427387
109.504600232  2.58265720891
109.028722898  2.59442608202
106.553737841  2.67422255977
107.958643976  2.62643248268
107.133702909  2.65418031003
109.683730461  2.58048056843
111.004847195  2.53503232909
108.943393098  2.59931869619
108.033405906  2.62722465699
107.873031817  2.63177777207
108.486181748  2.61254625001
110.107511884  2.56345665319
107.441063709  2.64459371899
109.742953601  2.57399911339
107.270058482  2.65188767884
105.15407981  2.70404533704
106.606289654  2.66746006793
108.723426659  2.60238236219
109.354855811  2.58682055059
107.993012288  2.6300091892
107.253563903  2.65316311629
107.492397416  2.64412036526
107.595930663  2.64012617803
111.148415596  2.53032865027
109.036502262  2.59613534617
108.448543051  2.61775260811
107.20009807  2.65653638727
106.779146965  2.66697223835
107.100718802  2.65056188146
107.239774394  2.65226718835
108.32594483  2.61679659643
107.902249225  2.63357877417
110.036344415  2.56876354636
110.932618948  2.53697064122
108.072989021  2.62661544672
107.35189013  2.65058121479
107.823174538  2.63589752723
108.27713985  2.61661807232
109.010664105  2.5998190043
107.742630666  2.63088514206
106.232785324  2.68184464645
108.732732397  2.60411136412
107.531219747  2.63790884734
109.729969729  2.57521431337
110.092494373  2.56017504571
110.182585102  2.5592342601
108.003988592  2.62713404121
107.713744948  2.63609710242
108.573239936  2.61372829661
110.688306165  2.54425808872
110.259684591  2.5588022046
108.412914488  2.61337819625
109.750702507  2.57333271144
109.179781323  2.59440362694
108.939662315  2.59462142032
108.879971332  2.59860828298
108.371106826  2.61719379971
106.945645482  2.65374931804
106.654163196  2.66574676478
107.727105971  2.63175676536
nan  nan
nan  nan
nan  nan
nan  nan
nan  nan
nan  nan
nan  nan
nan  nan
nan  nan
nan  nan
nan  nan
nan  nan
nan  nan
nan  nan
nan  nan
nan  nan
nan  nan
nan  nan
nan  nan
nan  nan
nan  nan
nan  nan
nan  nan
nan  nan
nan  nan
nan  nan
nan  nan
nan  nan
nan  nan
nan  nan
nan  nan
nan  nan
nan  nan
nan  nan
nan  nan
nan  nan
nan  nan
nan  nan
nan  nan
nan  nan
nan  nan
nan  nan
nan  nan
nan  nan
nan  nan
nan  nan
nan  nan
nan  nan
nan  nan
nan  nan
nan  nan
nan  nan
nan  nan
nan  nan
nan  nan
nan  nan
nan  nan
nan  nan
nan  nan
nan  nan
nan  nan
nan  nan
nan  nan
nan  nan
nan  nan
nan  nan
nan  nan
nan  nan
nan  nan
nan  nan
nan  nan
nan  nan
nan  nan
nan  nan
nan  nan
nan  nan
nan  nan
nan  nan
nan  nan
nan  nan
#File:  17 3000
nan  nan
nan  nan
143.649317294  1.60774848308
130.263067074  2.15125990132
118.875372199  2.591770673
116.934895042  2.66035515334
114.717675416  2.73693884992
114.301836298  2.75819662187
115.223103529  2.72744500697
115.260808456  2.73000898456
114.474581922  2.75635597078
113.801757379  2.76956031764
112.602068046  2.81963269197
112.165448922  2.82944556103
112.901789979  2.80794893337
113.333216662  2.78449523437
113.094254436  2.80182282365
113.782110605  2.7755030762
112.392438503  2.82220314166
107.807648554  2.97702253106
108.916784396  2.94323094421
111.553296719  2.85587627624
111.305173937  2.86436652947
112.001584502  2.83922713816
112.541526042  2.81911102267
113.662828998  2.77796467199
112.159664248  2.83059839933
111.186149772  2.86338215803
109.493308753  2.91858125722
109.538253815  2.92105461815
110.62247616  2.88110636364
112.264379578  2.83160760604
111.763644785  2.84649684322
110.622378533  2.87742411728
109.218718845  2.93019976646
109.446740921  2.92611042159
108.637391544  2.95046270031
110.825743216  2.87633459358
109.463965241  2.92359613201
109.750185577  2.91403867503
109.454149364  2.9228299341
106.995709809  3.00725430232
107.990281913  2.97363773811
108.435804573  2.95660061149
108.672598583  2.94775179601
110.06412337  2.90301148047
111.39201106  2.85928712357
110.701713085  2.87827220944
109.762082211  2.9120552525
109.048446908  2.93866208395
109.627402373  2.91702548469
108.920093951  2.94073156769
108.336643643  2.95774260582
107.68702646  2.97947910839
108.698024532  2.94784156569
109.54440744  2.91775968964
109.137978683  2.9350042677
109.568314606  2.91782765981
109.33316822  2.92964581815
108.587512855  2.95312186936
107.495360889  2.98947750706
106.664629111  3.01872624105
107.082997861  3.00407412367
107.844993066  2.97585623588
106.183025391  3.03313036073
104.679115514  3.09069548897
105.902858529  3.04358036497
106.381413798  3.03047754377
105.793002632  3.04533899872
107.470511404  2.99114112055
108.171604257  2.9679899259
108.750252875  2.94823587754
108.508885289  2.95766117139
108.604809362  2.9497707335
108.174766346  2.96505953211
108.438567495  2.96013872906
107.666010888  2.97928743056
108.757595718  2.94883102623
107.397842882  2.99235431377
107.300065382  2.99317002195
nan  nan
nan  nan
nan  nan
nan  nan
nan  nan
nan  nan
nan  nan
nan  nan
nan  nan
nan  nan
nan  nan
nan  nan
nan  nan
nan  nan
nan  nan
nan  nan
nan  nan
nan  nan
nan  nan
nan  nan
nan  nan
nan  nan
nan  nan
nan  nan
nan  nan
nan  nan
nan  nan
nan  nan
nan  nan
nan  nan
nan  nan
nan  nan
nan  nan
nan  nan
nan  nan
nan  nan
nan  nan
nan  nan
nan  nan
nan  nan
nan  nan
nan  nan
nan  nan
nan  nan
nan  nan
nan  nan
nan  nan
nan  nan
nan  nan
nan  nan
nan  nan
nan  nan
nan  nan
nan  nan
nan  nan
nan  nan
nan  nan
nan  nan
nan  nan
nan  nan
nan  nan
nan  nan
nan  nan
nan  nan
nan  nan
nan  nan
nan  nan
nan  nan
nan  nan
nan  nan
nan  nan
nan  nan
nan  nan
nan  nan
nan  nan
nan  nan
nan  nan
nan  nan
nan  nan
nan  nan
#File:  17 4000
nan  nan
nan  nan
nan  nan
158.77688382  1.05316506219
143.263651288  1.79524159458
134.841634014  2.1826107221
123.421334085  2.66559419014
119.060868499  2.83657250607
117.768915265  2.91207881735
114.888581664  3.01874397295
111.675966112  3.13957822259
109.393328378  3.22844721484
108.357453459  3.2689759218
107.978943451  3.28018379522
107.284382731  3.29927959605
107.7235997  3.28701058333
106.863157754  3.31733558577
105.994503133  3.34923096447
106.411620492  3.33900450036
105.114801822  3.38165667351
104.861132693  3.39340965676
105.559379666  3.36719682683
107.207508736  3.3067167624
106.794071728  3.32199629198
105.234519281  3.37401229786
106.038814927  3.35223464269
106.389422035  3.33770504224
106.18248811  3.34563553839
105.769589126  3.3617810945
106.040579819  3.35253656741
106.146608974  3.34261852951
105.603773961  3.36257822041
106.431844623  3.33284601359
106.572088062  3.32613440133
107.236564974  3.30641197041
107.45022101  3.29676631286
107.098241908  3.31117420486
107.018256175  3.31571037508
107.119859264  3.30607308569
106.695667681  3.3265727453
106.401825073  3.33317953996
106.820708693  3.32235052651
107.327266895  3.30168817404
107.072507818  3.31254671374
107.438581382  3.29238994402
107.485770615  3.28867034418
106.919111586  3.3125607946
106.989639476  3.31055666686
106.774258667  3.32253040221
106.468854583  3.3324227954
107.168061306  3.30459841804
107.638568917  3.2875653304
108.028485275  3.27437809055
108.050588017  3.26797889926
107.860276052  3.28019712594
108.137664958  3.26673555261
107.461144179  3.29196354299
106.878883981  3.31267030609
107.18915072  3.30051278191
107.504386445  3.29653396777
108.430989918  3.26189801109
108.273695786  3.2652835722
106.970946747  3.31418152996
106.327492411  3.33792793961
105.981210372  3.34540760373
106.340933728  3.3372650942
107.399012811  3.29791911126
107.439357822  3.29464467893
106.755040066  3.32167573945
105.734245195  3.35936875068
105.856287536  3.35728789032
106.457231249  3.33381720235
106.895927407  3.31543580638
107.293154221  3.30214030551
108.043056756  3.27087078571
108.382420199  3.26120211857
107.939399632  3.2734947928
107.096944925  3.30895500972
107.097999341  3.3059357465
107.68117705  3.28616520579
nan  nan
nan  nan
nan  nan
nan  nan
nan  nan
nan  nan
nan  nan
nan  nan
nan  nan
nan  nan
nan  nan
nan  nan
nan  nan
nan  nan
nan  nan
nan  nan
nan  nan
nan  nan
nan  nan
nan  nan
nan  nan
nan  nan
nan  nan
nan  nan
nan  nan
nan  nan
nan  nan
nan  nan
nan  nan
nan  nan
nan  nan
nan  nan
nan  nan
nan  nan
nan  nan
nan  nan
nan  nan
nan  nan
nan  nan
nan  nan
nan  nan
nan  nan
nan  nan
nan  nan
nan  nan
nan  nan
nan  nan
nan  nan
nan  nan
nan  nan
nan  nan
nan  nan
nan  nan
nan  nan
nan  nan
nan  nan
nan  nan
nan  nan
nan  nan
nan  nan
nan  nan
nan  nan
nan  nan
nan  nan
nan  nan
nan  nan
nan  nan
nan  nan
nan  nan
nan  nan
nan  nan
nan  nan
nan  nan
nan  nan
nan  nan
nan  nan
nan  nan
nan  nan
nan  nan
nan  nan
#File:  17 5000
nan  nan
nan  nan
168.093011765  0.645807542754
164.845690084  0.812304423032
160.183773178  1.0518830809
144.34665983  1.8629770074
132.697631287  2.44987156779
129.377494715  2.60637804049
129.114148707  2.58821646107
118.392704396  3.06992133138
117.710087519  3.12582499696
115.047016819  3.2279425112
113.497602652  3.28963051491
112.293725856  3.34211418413
111.925448276  3.3630096359
110.762252368  3.41008874537
110.387409683  3.42942135585
110.63830155  3.4179031373
109.783432834  3.44928437788
109.179707077  3.47049499419
108.846499071  3.49111596119
109.019348552  3.48046571699
108.644244573  3.49302482961
107.998140933  3.52123022138
108.302366405  3.50982578429
108.349526476  3.50502156886
107.992707628  3.51762923218
108.01852305  3.52624533952
107.902068469  3.52413810892
108.053512275  3.51930729783
108.490241615  3.50248388189
108.745091063  3.49340100871
108.658347258  3.49641754374
107.686263273  3.5333335383
108.364275935  3.50594128078
108.260679302  3.50484203386
108.527706185  3.50231641912
108.901528098  3.48900443824
109.101040781  3.47701898978
108.38851744  3.50362977101
108.385293591  3.50646377018
107.993356249  3.51767275135
108.612593168  3.49482877922
108.469157794  3.5019843554
109.263522249  3.47215094217
108.955294472  3.47898621033
107.651344129  3.52830618727
107.161798573  3.55051460866
107.209192554  3.55230246427
107.64288615  3.53795440811
108.442138568  3.50812753871
108.809476836  3.48592329279
108.644085807  3.49330892878
107.873714882  3.52457894555
107.205919095  3.54731964228
107.370157989  3.54399730373
107.16331314  3.55313661248
106.832563368  3.56527344929
107.010401877  3.55596749325
107.331966853  3.54634922351
107.524462703  3.54074873579
107.948036103  3.52355446393
108.28125166  3.51003987067
108.282120838  3.51546986354
107.805769079  3.52693089493
107.623865118  3.53379635754
107.64932073  3.53131006356
107.383298717  3.542108133
107.917218117  3.52454491311
108.365443505  3.50067467616
107.972682845  3.51647615211
107.810376797  3.52453903988
108.521570081  3.49531029837
109.03777103  3.47713417134
108.274044202  3.50731481952
107.259330499  3.54230229335
107.305321022  3.54964205852
107.351617835  3.54714284993
106.717651255  3.5691990205
107.32601394  3.54296411627
nan  nan
nan  nan
nan  nan
nan  nan
nan  nan
nan  nan
nan  nan
nan  nan
nan  nan
nan  nan
nan  nan
nan  nan
nan  nan
nan  nan
nan  nan
nan  nan
nan  nan
nan  nan
nan  nan
nan  nan
nan  nan
nan  nan
nan  nan
nan  nan
nan  nan
nan  nan
nan  nan
nan  nan
nan  nan
nan  nan
nan  nan
nan  nan
nan  nan
nan  nan
nan  nan
nan  nan
nan  nan
nan  nan
nan  nan
nan  nan
nan  nan
nan  nan
nan  nan
nan  nan
nan  nan
nan  nan
nan  nan
nan  nan
nan  nan
nan  nan
nan  nan
nan  nan
nan  nan
nan  nan
nan  nan
nan  nan
nan  nan
nan  nan
nan  nan
nan  nan
nan  nan
nan  nan
nan  nan
nan  nan
nan  nan
nan  nan
nan  nan
nan  nan
nan  nan
nan  nan
nan  nan
nan  nan
nan  nan
nan  nan
nan  nan
nan  nan
nan  nan
nan  nan
nan  nan
nan  nan
#File:  17 6500
nan  nan
nan  nan
nan  nan
nan  nan
nan  nan
nan  nan
162.581280884  1.00989023066
146.537567333  1.93130747082
140.849962215  2.24718298904
138.420543082  2.37047211919
139.739189245  2.27236100513
134.22323889  2.56815196742
129.995990593  2.78213041626
123.169538472  3.14892571269
116.243196236  3.4490974183
116.870728967  3.45578582897
115.365854094  3.51391068869
115.099510135  3.54058004587
112.553467056  3.62391506929
113.024959355  3.62791371307
112.845884733  3.64284853662
112.272948835  3.66796103915
111.929979522  3.67972559536
111.216060044  3.70722035538
110.876933863  3.72917394863
110.744706933  3.73224139898
110.825687821  3.73027141183
110.543693847  3.7445205579
110.314814923  3.75062994211
110.193591735  3.75469413795
110.380645416  3.75257153548
110.672118044  3.73673359396
110.634167346  3.73659595225
110.384751571  3.7510942927
110.896746051  3.73375805982
110.308527828  3.75089446556
110.008013044  3.765872812
110.12689827  3.75519262764
110.178848311  3.75785492984
109.763906931  3.77590202137
110.051731661  3.76524408131
110.257749993  3.75233558062
110.840415496  3.73028981045
110.836315378  3.73163056006
110.373516759  3.74430266389
110.643883552  3.73720613366
110.412056958  3.74949842899
110.150339394  3.75658917189
109.748510156  3.7782332632
110.235053497  3.75513588441
111.037354508  3.72283881613
110.703002056  3.73293869335
110.01338435  3.75500448397
110.168951711  3.75436341155
109.915684224  3.76847154138
110.000630536  3.76472495055
109.826691426  3.76806914749
110.075843548  3.76136930534
110.280771364  3.75880726469
110.526832656  3.7440880321
110.86291103  3.72947646478
110.8705939  3.72693148891
110.640686715  3.73878218343
110.282994073  3.75211244618
110.59435807  3.74393718485
110.211551442  3.75078728944
110.075522102  3.75943584521
110.402117789  3.75115219414
109.895232879  3.76900745486
110.01027857  3.76257887679
109.859692861  3.7695172201
109.850105749  3.77001128491
109.871302079  3.76655869215
110.020340968  3.76306453068
110.037097377  3.76325715016
110.24086244  3.75588985796
110.800420564  3.72848058483
110.868985394  3.72376135898
111.08592214  3.71664008435
111.052129053  3.71910565512
110.784893041  3.72356164352
110.354765967  3.74348665419
110.156892837  3.75538860494
110.088967792  3.75265219294
110.695274608  3.73476911448
110.553386027  3.73787756207
110.977554308  3.71580105441
110.778984711  3.72818677051
110.236560185  3.74956364614
110.488132206  3.74295415838
110.018024993  3.75997680368
110.512265078  3.74043766595
110.345940043  3.74762141596
110.22562591  3.75215897468
109.773123439  3.77146849259
110.218800617  3.75194828527
110.589895219  3.73203025717
109.919062275  3.75539043463
110.050701455  3.75684595714
110.154114512  3.75408858784
110.58653658  3.73261936649
109.760499513  3.76304244992
109.346690879  3.78586808159
109.367151672  3.78805285208
109.537923835  3.78170271565
109.465443047  3.78302483911
109.491356752  3.78239478965
109.757626868  3.77401551274
109.790694602  3.77001958991
109.694010656  3.77565411401
111.192877048  3.72782362935
110.384357839  3.74537817722
110.430651566  3.74178677144
110.593798068  3.73252784923
110.180180484  3.7485855186
110.353873697  3.74838256255
110.76494103  3.72635106734
110.241157733  3.74451933396
110.826633255  3.72657655965
110.699170102  3.73007502935
nan  nan
nan  nan
nan  nan
nan  nan
nan  nan
nan  nan
nan  nan
nan  nan
nan  nan
nan  nan
nan  nan
nan  nan
nan  nan
nan  nan
nan  nan
nan  nan
nan  nan
nan  nan
nan  nan
nan  nan
nan  nan
nan  nan
nan  nan
nan  nan
nan  nan
nan  nan
nan  nan
nan  nan
nan  nan
nan  nan
nan  nan
nan  nan
nan  nan
nan  nan
nan  nan
nan  nan
nan  nan
nan  nan
nan  nan
nan  nan
#File:  17 7000
nan  nan
nan  nan
nan  nan
nan  nan
nan  nan
161.906090051  1.09649838685
166.161178757  0.830516938419
nan  nan
158.361494786  1.27842443138
148.025693796  1.88220432934
140.41700366  2.31413609559
136.743148001  2.51400282383
133.103080092  2.71031596733
134.467184168  2.60891122921
128.30409874  2.96113990123
126.845515675  3.03115598249
126.216546278  3.0552915465
119.207494903  3.41107198178
119.399208719  3.41658053782
117.184943623  3.51070621858
113.43727252  3.63807288876
117.568825129  3.48359901148
114.711293402  3.63402316628
115.172753971  3.60659461269
113.770063672  3.67264929093
113.584563307  3.6868855358
112.805383015  3.71852660826
112.306527056  3.74372042744
112.136190786  3.75186798878
111.846059574  3.76284960828
111.505269359  3.77975219742
111.039163924  3.79524623706
111.244925955  3.79053013091
110.812222601  3.80412014734
110.536797017  3.82056107296
110.784945458  3.80767077568
110.51522867  3.82340877471
110.833976135  3.81074179672
111.115560742  3.79381654758
110.72249858  3.81428777647
110.380525108  3.82878349252
110.018023064  3.84652352477
110.064350746  3.83591042015
110.327217055  3.82720760813
110.469066033  3.82616331126
110.71494159  3.81560166936
110.849715123  3.81013113628
110.167453779  3.83097651484
110.308415849  3.82911064431
109.557607642  3.86380563597
110.042975179  3.84681095124
110.047866003  3.84475802171
110.055845657  3.8462284822
109.931067281  3.84736995218
110.027723533  3.84317406821
110.100627264  3.84057120616
110.042752551  3.84042232407
110.252689944  3.83302031893
110.083474232  3.83818507977
110.356192421  3.83346944746
110.505903849  3.82357498661
110.584327184  3.82032047603
109.870801154  3.84611941091
110.138514483  3.83902223756
110.123322656  3.83713508624
110.845037282  3.80927432711
110.770416698  3.8066828583
110.595509221  3.81876500805
110.75482564  3.81323581143
110.311299745  3.82919367141
110.353832563  3.82786651906
110.444972675  3.82625860888
110.392663788  3.8295140365
110.035182323  3.84115355275
109.958190694  3.84580328198
109.596750204  3.86334637173
108.813448472  3.89670614359
108.901785363  3.89301966244
108.456928496  3.91036941295
108.405266999  3.91652571753
108.158759573  3.92545365141
108.183295801  3.92467469646
108.103680904  3.93108836189
108.163002545  3.92610631046
108.832575975  3.89713663215
109.148601058  3.88450572546
108.981278897  3.88820142499
109.068659358  3.88436795585
109.162499942  3.88239176085
108.706889073  3.89948049701
108.656198256  3.90408950965
109.016296639  3.89370211109
108.964823781  3.88782225825
108.628487635  3.9012783064
108.873332176  3.88962879584
107.871746298  3.93687376404
108.822265753  3.89896744343
108.531355731  3.90592468946
108.832398431  3.89520518539
109.735519906  3.85950488172
109.2966844  3.87484136124
109.1235031  3.87848892247
109.039229879  3.88371272699
108.72464126  3.89800211873
109.153041825  3.8807097654
108.20660769  3.91707119538
108.329184949  3.9204192145
107.832558002  3.93486894103
107.70292449  3.94348687781
107.963404438  3.93195178747
108.482306707  3.91118864842
108.626802643  3.90461776146
109.016269996  3.8842944273
108.195732516  3.92187318725
108.56634181  3.90595552268
108.65197424  3.90077578051
108.630506219  3.89936185419
109.425815871  3.86693533506
109.794841025  3.85145095377
109.622535618  3.85654672703
nan  nan
nan  nan
nan  nan
nan  nan
nan  nan
nan  nan
nan  nan
nan  nan
nan  nan
nan  nan
nan  nan
nan  nan
nan  nan
nan  nan
nan  nan
nan  nan
nan  nan
nan  nan
nan  nan
nan  nan
nan  nan
nan  nan
nan  nan
nan  nan
nan  nan
nan  nan
nan  nan
nan  nan
nan  nan
nan  nan
nan  nan
nan  nan
nan  nan
nan  nan
nan  nan
nan  nan
nan  nan
nan  nan
nan  nan
nan  nan
#File:  17 8000
nan  nan
nan  nan
nan  nan
nan  nan
nan  nan
nan  nan
166.078374528  0.879360954572
157.833267132  1.38869709506
151.174055555  1.80318687374
166.508254532  0.833371407442
158.138647491  1.34201604918
155.927149035  1.46547465294
143.739002328  2.2066015941
145.356648409  2.09270456804
139.835133543  2.41635326506
133.16592067  2.81368819872
136.786901662  2.56958187325
126.971709399  3.16502319543
120.044987321  3.49600345956
125.89202533  3.20950267984
117.285874725  3.62886026135
117.800662438  3.63088944302
115.284232066  3.71841759058
117.168569072  3.67923414112
115.624414457  3.74061875409
115.783860738  3.74776919899
114.551982625  3.79481681008
112.237855218  3.86976004258
114.157907571  3.82207905525
113.662769791  3.84615668795
113.228156603  3.86407331289
112.800285564  3.88448598609
112.317858149  3.90631059798
112.057579165  3.92364561507
111.382570734  3.9539251436
110.999909766  3.96814794597
111.227084281  3.96706860744
110.535162939  3.98688785986
110.688692553  3.98919687465
110.624382011  3.99383074739
110.374049102  4.00175167137
110.416611525  4.00069524907
110.106802019  4.01370718654
110.103645589  4.01011466727
109.362881692  4.04743630611
109.387953467  4.04311029766
109.320946243  4.05085612387
109.523673728  4.04276976849
108.214824491  4.0835002347
108.481071496  4.08770085048
109.053117673  4.06613609771
109.142715784  4.05795226373
109.593071159  4.03357602861
109.463600814  4.04251858541
109.141937802  4.05265190609
109.119153633  4.05855501485
108.936602767  4.06620540273
108.702309587  4.07760822638
108.737929435  4.07402918146
109.59903068  4.03978465771
109.214386999  4.05528362394
108.337089225  4.08511426064
108.876700292  4.06733319109
108.91627084  4.06983244687
108.261544659  4.0941321429
108.227170713  4.0939797788
108.401474302  4.0917910576
108.589566774  4.08581458284
109.286008459  4.05450033455
108.960201451  4.06041389651
108.808894027  4.0718481045
108.53103233  4.0805547644
108.617428522  4.08547097544
108.656071651  4.07953971286
108.617829082  4.08334049718
108.500255733  4.09152411807
107.953464446  4.10570731392
107.671632046  4.12779758223
107.550455654  4.13240227989
107.204420292  4.14696964288
107.306400174  4.14119323425
107.594586383  4.12694119794
107.451001653  4.13644411221
107.594553319  4.12967134125
107.734862427  4.1192240146
107.597994017  4.12304208201
107.699826728  4.12517315345
107.772100976  4.12221155507
107.633915825  4.1276028385
107.408604343  4.13554523623
107.622428456  4.13020409941
107.645204885  4.13368107665
107.546190404  4.13004172107
107.539566442  4.13022246281
107.36786514  4.14047507765
107.370781153  4.13777182556
106.826497652  4.16327717673
106.922867378  4.16237193315
107.850117836  4.12920598249
107.847908702  4.11640647943
107.727649874  4.12145043955
107.56246007  4.12905187159
107.671406223  4.12587960596
107.80499653  4.12009286496
107.812517197  4.11841850945
107.983039047  4.11084905017
107.983368085  4.11188623247
107.537912889  4.1268691675
107.616657388  4.12586046191
107.526870302  4.13339958273
107.349971207  4.13924292451
106.919067894  4.15898915461
107.357625156  4.14307977573
107.571845267  4.12990688481
107.221798719  4.14457919204
107.508820381  4.13522895605
107.394826056  4.13982515326
107.195762371  4.14445654733
107.458708429  4.13540313421
107.343812014  4.1395498886
nan  nan
nan  nan
nan  nan
nan  nan
nan  nan
nan  nan
nan  nan
nan  nan
nan  nan
nan  nan
nan  nan
nan  nan
nan  nan
nan  nan
nan  nan
nan  nan
nan  nan
nan  nan
nan  nan
nan  nan
nan  nan
nan  nan
nan  nan
nan  nan
nan  nan
nan  nan
nan  nan
nan  nan
nan  nan
nan  nan
nan  nan
nan  nan
nan  nan
nan  nan
nan  nan
nan  nan
nan  nan
nan  nan
nan  nan
nan  nan
#File:  17 9000
nan  nan
nan  nan
nan  nan
nan  nan
nan  nan
nan  nan
nan  nan
nan  nan
nan  nan
164.374639816  1.01591322738
165.443322968  0.939566012087
nan  nan
151.942352199  1.80513172929
145.993810811  2.17858067061
147.65260373  2.05821221357
141.673901298  2.43586927626
145.168633857  2.19780824851
136.558802217  2.73769572287
135.940738142  2.77455883201
140.73215129  2.45391901154
131.597233244  3.02629622911
129.067715629  3.16392539233
129.329651093  3.14704298374
128.666498821  3.17814657223
123.339775456  3.50151820763
119.388614169  3.70583118685
117.876267097  3.76137589857
119.65565639  3.71278407705
119.128354217  3.73790709088
116.520471278  3.82309161673
118.11459937  3.78674161327
117.76924464  3.80651229943
117.125110955  3.83712301657
115.085011889  3.91413516657
115.765370716  3.90292196933
115.552568174  3.91647302272
115.479462735  3.92351533268
114.908476717  3.94788474306
114.579127824  3.96441296561
114.383855594  3.97266572053
112.601639715  4.04827459869
112.813384996  4.05158398424
112.496973627  4.06823222173
111.261178133  4.11260755716
112.005296441  4.08958319708
111.776114096  4.09856676494
111.208808189  4.12612243675
110.980861451  4.14020859377
111.170796564  4.13148670306
110.69416621  4.1559166792
111.120720347  4.13885866899
110.69951214  4.15418410558
110.552084437  4.16193213202
110.701313424  4.15402250925
110.511831627  4.16500556739
110.065465499  4.1855494854
110.443290681  4.17353658343
110.37081013  4.1718316368
110.863626493  4.15731074831
110.115209152  4.18219023863
110.236437404  4.17763038631
110.335428079  4.17574887247
110.176909114  4.18138333925
109.644312379  4.20403312523
109.23618993  4.22288401726
109.367942265  4.22272999862
109.405369643  4.22030018282
109.181229049  4.22968466887
109.168757681  4.23151449367
109.100107766  4.23071014141
109.558256724  4.21484138692
109.676386548  4.20514773527
109.834473851  4.19854625226
109.818924167  4.1975965369
109.188613476  4.22021993397
109.313801443  4.22313843741
109.481951201  4.21507368864
109.199066726  4.22770063337
109.198328564  4.22953613296
109.420855099  4.21985661904
109.185184699  4.22775266258
109.209428869  4.22689259706
109.2249773  4.23153763208
107.808936996  4.28120243324
108.61097957  4.26010949794
108.540405458  4.26216199735
108.27925817  4.26785740633
108.207684773  4.27244873818
108.346235002  4.27094589414
108.272210187  4.27379521683
108.473760409  4.26245877619
108.650087342  4.2549125876
108.582399521  4.26223080337
108.633935542  4.25466403358
108.656624359  4.25165188651
108.515097185  4.26048560687
108.542297913  4.25998512481
108.432075501  4.26370427342
107.468352322  4.29977266988
107.855774739  4.29441102356
107.466267321  4.31133342123
107.633498948  4.30082524445
107.190087204  4.3261730141
107.240280417  4.31712792859
107.489325777  4.31150611013
107.429833244  4.3147558793
107.493770605  4.31328312403
107.483208224  4.30764965261
107.068585051  4.33152442155
106.930208174  4.33815403729
107.3025851  4.32488284129
107.356722629  4.31485217795
107.547292424  4.30686108362
107.327768198  4.32290726328
106.999364049  4.33312444843
107.278761885  4.32109778967
107.477457345  4.31185323368
107.68200664  4.30255979994
107.557471008  4.3047321808
107.379983792  4.31322663428
nan  nan
nan  nan
nan  nan
nan  nan
nan  nan
nan  nan
nan  nan
nan  nan
nan  nan
nan  nan
nan  nan
nan  nan
nan  nan
nan  nan
nan  nan
nan  nan
nan  nan
nan  nan
nan  nan
nan  nan
nan  nan
nan  nan
nan  nan
nan  nan
nan  nan
nan  nan
nan  nan
nan  nan
nan  nan
nan  nan
nan  nan
nan  nan
nan  nan
nan  nan
nan  nan
nan  nan
nan  nan
nan  nan
nan  nan
nan  nan
#File:  17 10000
nan  nan
nan  nan
nan  nan
nan  nan
nan  nan
nan  nan
nan  nan
nan  nan
nan  nan
nan  nan
nan  nan
156.028287193  1.61990711748
163.996390118  1.07377534082
154.820785626  1.68550221732
161.565950602  1.22651185364
158.762412624  1.4041914178
145.627694987  2.28038860108
141.22376368  2.56713897843
149.793546561  1.98274390576
141.107759375  2.55389462164
137.103092591  2.80960110584
133.380304469  3.03473929426
138.588557277  2.68917233482
136.021600421  2.84975981667
131.012810215  3.17492072153
131.329351019  3.1407204238
126.648281263  3.44364930372
126.283133319  3.45622059363
124.281809647  3.57700596674
125.181351292  3.51365708716
121.441646331  3.75106936068
125.595526967  3.46853869804
117.593366516  3.91173368487
118.506012295  3.89225693184
118.94553686  3.88068262058
116.846287083  3.96087389749
117.951591697  3.93178467437
117.388102095  3.96255805026
115.851237533  4.02476926049
116.421569713  4.00851351995
115.167953772  4.05904311825
114.834430823  4.07827252182
114.972828392  4.08411892971
114.60093876  4.10070376603
112.101720621  4.19636202933
113.79365263  4.14464509202
113.736994625  4.15231694819
113.378362326  4.16865062725
113.300725228  4.17351994015
112.933998231  4.18972464814
112.628978364  4.20203146606
112.468658031  4.21349395952
111.69420595  4.24639214158
111.630144976  4.25689686699
109.890473713  4.32245252121
110.873500842  4.29145080494
111.088252081  4.28004458508
110.766732126  4.29205290882
110.461494056  4.31092509499
110.191915124  4.32668347921
109.7395192  4.34985401303
109.680798765  4.35384498186
109.64857331  4.35552579528
109.544539092  4.360799579
109.060718889  4.3846315651
108.620394483  4.39744995065
107.905245856  4.42911774986
108.120746528  4.42761977093
107.898075678  4.43655304658
107.54271389  4.45628137318
107.347334358  4.46432137042
107.296052094  4.47068749606
107.282032524  4.47346256249
107.090468417  4.48036308629
106.921136896  4.48695057997
106.877212925  4.4870537341
106.508398244  4.50814302376
106.484675039  4.5095960725
106.921188547  4.49385720489
106.570947191  4.50811372697
106.903375842  4.49417888981
106.944532322  4.48631358594
107.219778585  4.47237945429
107.075472514  4.48208937291
106.899547531  4.49378309779
106.455968545  4.51286169134
106.559544578  4.50654267887
106.685704782  4.4996367428
107.338210349  4.48390457063
107.090486462  4.48356439047
106.86926397  4.48764215226
107.25039491  4.47114395965
107.472101954  4.46249413856
107.022796043  4.4817089971
106.462235138  4.51064570346
106.605265248  4.50698262972
106.668000424  4.4976527344
106.642021185  4.50655523983
106.681517498  4.50109079975
106.393778569  4.51593876812
106.377629885  4.51659131654
106.3591496  4.51023321396
106.070711563  4.52739500761
106.17363152  4.51924724176
105.470915495  4.54955942915
106.123165592  4.52852173741
106.136908906  4.52561891974
105.990029544  4.53555089585
106.279591049  4.51695668899
105.942280827  4.53588137893
106.057216272  4.5304773371
106.364566342  4.51861028138
106.315494711  4.51613458577
106.20748941  4.5247752814
106.075005518  4.52833045372
105.778277901  4.53972038602
106.292248307  4.51790088421
106.050190697  4.532990348
106.005475613  4.53244910757
106.136111668  4.52914858009
106.119336532  4.52992040522
106.489887799  4.51086695006
106.570965148  4.50359868899
106.459447197  4.50907137375
106.357254766  4.51340156074
105.832834084  4.5406352346
105.928883734  4.53619525295
105.687870616  4.54743768327
105.928403339  4.53803918112
105.64484455  4.55090793987
105.505139152  4.55694531959
105.456956903  4.56021524346
105.338236073  4.56717656266
105.325385152  4.5654811936
105.16253494  4.57224459173
104.881152314  4.59044158912
105.223711044  4.5750052077
105.26206429  4.56893123642
105.508872059  4.55613163467
105.402375022  4.55865078344
105.672721312  4.54879331287
105.49384876  4.56054119797
105.843605815  4.54083001827
105.995101715  4.53048444923
106.010077738  4.52996734801
105.810642761  4.54025899367
105.774021019  4.54475087492
105.903075695  4.5391001584
105.682036769  4.54470101733
105.421865501  4.56043764367
105.559083252  4.55175618398
105.795738022  4.53964066899
105.831965727  4.53798084252
105.865409865  4.53438547973
105.964635414  4.53291092632
105.270369676  4.56472572099
105.483548547  4.55765197798
105.874402453  4.53856047424
106.097292046  4.52890678441
106.063849045  4.53027927257
